762395	1	0	-2212	-1	-12000	Vacuum	0.0001361	607.165	1.09668e-17	0	0	-896.959	-748.345	-378.768	0.00324213	434.067	341.676	174.9
762395	1	0	-2212	-1	-10005	Plastic	15.038	579.236	0.333543	0	0	-869.567	-732.065	-356.468	0.110175	175.42	123.814	68.8152
762395	1	0	-2212	-1	-10005	Plastic	15.0624	578.135	1.26547	0	0	-868.777	-730.181	-356.879	0.574841	175	123.461	68.6432
762395	1	0	-2212	-1	-11000	Plastic	22.5797	576.87	1.54786	0	0	-867.104	-727.329	-357.083	0.630233	45.7782	14.8537	15.5609
762395	1	0	-2212	-1	-11000	Plastic	22.6071	574.586	1.88512	0	0	-914.86	-714.123	-230.788	0.643326	45.3081	14.4594	15.3674
762395	1	0	-2212	-1	-11000	Plastic	22.6327	571.88	1.30287	0	0	-913.352	-713.607	-229.837	0.601777	44.8429	14.0963	15.25
762395	1	0	-2212	-1	-1	Fe	23.6215	570.577	21.2032	0	0	-891.461	-711.647	-177.741	1.36512	26.8986	0.0763353	10.7345
762395	1	0	-2212	-1	-1	Fe	23.8266	549.374	69.3179	0	0	-822.632	-649.804	-179.807	4.77223	23.2147	-2.86449	10
762395	1	0	-2212	0	0	LAr	23.898	480.056	4.31333	0	0	-811.671	-651.222	-187.467	1.60586	21.9727	-3.84555	9.72853
762395	1	0	-2212	0	0	LAr	24.4621	475.375	33.3786	0	0	-779.894	-616.938	-183.417	12.6515	12.2624	-11.6364	7.48579
762395	1	0	-2212	0	0	LAr	24.5063	441.164	2.68407	0	0	-773.722	-616.718	-183.972	0.971638	11.513	-12.2292	7.30954
762395	1	0	-2212	0	0	LAr	24.6879	437.659	10.6742	0	0	-765.31	-604.575	-175.327	3.98244	8.45139	-14.6695	6.58158
762395	1	0	-2212	0	0	LAr	24.9065	426.39	13.6088	0	0	-744.172	-600.716	-166.701	4.7578	4.77708	-17.5721	5.73982
762395	1	0	-2212	0	0	LAr	25.1642	411.838	14.9468	0	0	-737.455	-577.225	-154.538	5.55554	0.518718	-21.0096	4.78591
762395	1	0	-2212	0	0	LAr	25.1699	396.368	0.291249	0	0	-738.007	-574.808	-154.622	0.121709	0.424157	-21.0836	4.76609
762395	1	0	-2212	0	0	LAr	25.5435	395.64	24.0141	0	0	-711.787	-559.999	-118.981	7.96151	-5.77221	-25.9098	3.46788
762395	1	0	-2212	0	0	LAr	25.5796	371.213	2.17932	0	0	-694.115	-573.122	-135.754	0.756305	-6.36153	-26.3734	3.36936
762395	1	0	-2212	0	0	LAr	25.6356	369.033	3.4183	0	0	-693.533	-564.102	-134.592	1.16721	-7.2515	-27.1082	3.19531
762395	1	0	-2212	0	0	LAr	25.8633	364.674	14.2863	0	0	-677.758	-547.199	-142.325	4.73821	-10.8861	-30.0645	2.48995
762395	1	0	-2212	0	0	LAr	26.0665	349.902	12.7123	0	0	-657.453	-545.965	-122.72	4.17379	-14.0909	-32.6519	1.81697
762395	1	0	-2212	0	0	LAr	26.2458	336.772	12.6858	0	0	-647.653	-532.469	-95.1678	3.64085	-16.8632	-34.9542	1.29948
762395	1	0	-2212	0	0	LAr	26.3025	323.627	3.81771	0	0	-640.001	-531.024	-98.2904	1.13624	-17.7353	-35.6712	1.17134
762395	1	0	-2212	0	0	LAr	26.5511	319.346	17.0105	0	0	-625.219	-508.352	-90.031	4.96314	-21.5281	-38.8181	0.588847
762395	1	0	-2212	0	0	LAr	26.835	301.801	18.8713	0	0	-613.676	-476.777	-84.0549	5.56418	-25.8181	-42.3062	-0.0289098
762395	1	0	-2212	0	0	LAr	26.9064	282.93	4.70639	0	0	-608.077	-470.453	-84.1629	1.37125	-26.8946	-43.1426	-0.176363
762395	1	0	-2212	0	0	LAr	27.044	277.673	9.84386	0	0	-615.764	-428.341	-103.975	2.62419	-29.0223	-44.6373	-0.527326
762395	1	0	-2212	0	0	LAr	27.1883	267.467	10.302	0	0	-597.119	-422.134	-113.718	2.71584	-31.2305	-46.1733	-0.900193
762395	1	0	-2212	0	0	LAr	27.3486	256.732	10.6977	0	0	-567.091	-437.547	-95.8535	2.97781	-33.633	-47.8718	-1.35773
762395	1	0	-2212	0	0	LAr	27.4177	246.034	5.26739	0	0	-561.344	-429.945	-93.5133	1.26297	-34.624	-48.6364	-1.52525
762395	1	0	-2212	0	0	LAr	27.6459	240.312	16.1581	0	0	-543.795	-408.668	-84.9013	4.14101	-37.8827	-51.1324	-2.06811
762395	1	0	-2212	0	0	LAr	27.8463	223.746	14.2465	0	0	-514.79	-400.973	-100.914	3.5457	-40.6951	-53.2458	-2.50719
762395	1	0	-2212	0	0	LAr	28.0906	209.04	19.7166	0	0	-490.576	-376.644	-87.844	4.21474	-43.9805	-55.8049	-3.15123
762395	1	0	-2212	0	0	LAr	28.1455	188.935	4.21828	0	0	-483.22	-373.843	-81.1367	0.912928	-44.6974	-56.3553	-3.2796
762395	1	0	-2212	0	0	LAr	28.4218	184.313	22.4343	0	0	-452.005	-347.508	-70.0499	4.54735	-48.2619	-59.113	-3.87811
762395	1	0	-2212	0	0	LAr	28.6542	161.879	19.4749	0	0	-424.545	-321.432	-62.8445	3.6394	-51.1249	-61.3141	-4.3218
762395	1	0	-2212	0	0	LAr	28.8504	142.404	16.378	0	0	-391.287	-307.74	-67.5792	2.91951	-53.4359	-63.0638	-4.6639
762395	1	0	-2212	0	0	LAr	29.0175	126.026	15.9266	0	0	-363.683	-289	-54.2454	2.36521	-55.2777	-64.5123	-4.98199
762395	1	0	-2212	0	0	LAr	29.1575	110.1	13.9684	0	0	-338.671	-269.543	-47.785	1.87296	-56.7338	-65.6694	-5.19917
762395	1	0	-2212	0	0	LAr	29.2748	96.1311	11.5141	0	0	-328.887	-236.397	-43.5546	1.48078	-57.8851	-66.5857	-5.36162
762395	1	0	-2212	0	0	LAr	29.3742	84.617	10.1263	0	0	-308.765	-221.234	-32.4567	1.18671	-58.8429	-67.2742	-5.48847
762395	1	0	-2212	0	0	LAr	29.4585	74.4907	9.26346	0	0	-291.329	-203.609	-18.0806	0.951345	-59.6132	-67.8261	-5.56944
762395	1	0	-2212	0	0	LAr	29.5296	65.2272	8.15778	0	0	-271.424	-189.998	-24.0808	0.756176	-60.2321	-68.2586	-5.60785
762395	1	0	-2212	0	0	LAr	29.5896	57.0695	6.84227	0	0	-256.058	-176.103	-14.0834	0.600754	-60.7228	-68.6021	-5.65138
762395	1	0	-2212	0	0	LAr	29.6407	50.2272	5.9651	0	0	-236.824	-168.962	-19.6219	0.482517	-61.1199	-68.8752	-5.67322
762395	1	0	-2212	0	0	LAr	29.6844	44.2621	5.2067	0	0	-222.764	-155.45	-32.0341	0.388753	-61.4371	-69.0951	-5.71798
762395	1	0	-2212	0	0	LAr	29.7219	39.0554	4.65467	0	0	-201.177	-155.946	-30.7647	0.314414	-61.6931	-69.2738	-5.75479
762395	1	0	-2212	0	0	LAr	29.754	34.4007	4.5002	0	0	-185.684	-148.987	-18.115	0.254184	-61.8925	-69.4283	-5.78528
762395	1	0	-2212	0	0	LAr	29.7813	29.9005	3.83651	0	0	-181.497	-127.655	-18.7776	0.201765	-62.0532	-69.5488	-5.80253
762395	1	0	-2212	0	0	LAr	29.8047	26.064	3.37735	0	0	-169.351	-118.223	-20.7577	0.161729	-62.1849	-69.6414	-5.81616
762395	1	0	-2212	0	0	LAr	29.8248	22.6867	3.14619	0	0	-155.019	-111.652	-23.521	0.130119	-62.2911	-69.7155	-5.82917
762395	1	0	-2212	0	0	LAr	29.842	19.5405	2.76447	0	0	-142.267	-105.754	-18.3967	0.103797	-62.3746	-69.7757	-5.84185
762395	1	0	-2212	0	0	LAr	29.8569	16.776	2.60419	0	0	-133.733	-93.1736	-15.1309	0.0831986	-62.441	-69.8251	-5.85043
762395	1	0	-2212	0	0	LAr	29.8697	14.1718	2.22379	0	0	-122.72	-85.8808	-11.3134	0.0660141	-62.4949	-69.8626	-5.85653
762395	1	0	-2212	0	0	LAr	29.8809	11.948	2.14211	0	0	-111.509	-77.8168	-2.74961	0.0530802	-62.5383	-69.893	-5.86053
762395	1	0	-2212	0	0	LAr	29.8907	9.80591	1.99717	0	0	-101.641	-65.2288	-11.3493	0.0421578	-62.5728	-69.9171	-5.86138
762395	1	0	-2212	0	0	LAr	29.8993	7.80874	1.84344	0	0	-87.4428	-58.9581	-10.3647	0.0333205	-62.6007	-69.935	-5.8645
762395	1	0	-2212	0	0	LAr	29.9071	5.9653	1.85126	0	0	-74.3286	-46.0673	-9.49552	0.0262354	-62.6224	-69.9496	-5.86706
762395	1	0	-2212	0	0	LAr	29.9142	4.11404	1.91148	0	0	-53.107	-36.2168	-2.4567	0.019808	-62.6391	-69.9599	-5.8692
762395	1	0	-2212	0	0	LAr	29.9199	2.20256	2.20256	0	0	-0	-0	0	0.0116683	-62.6487	-69.9665	-5.86964
762395	1	0	-2212	0	0	LAr	29.9199	0	0	0	0	-0	-0	0	0	-62.6487	-69.9665	-5.86964
950742	1	0	-2212	-1	-12000	Vacuum	0.000320144	639.794	2.56032e-17	0	0	1067.88	665.236	-164.422	0.00771695	-926.742	-630.693	174.9
950742	1	0	-2212	-1	-10004	Plastic	39.1635	573.576	1.51009	0	0	964.518	661.679	-180.703	0.612903	-175	-116.778	36.8932
950742	1	0	-2212	-1	-11000	Plastic	45.1478	572.066	5.28051	0	0	957.725	658.845	-178.164	2.10631	-60.43	-38.1808	15.4284
950742	1	0	-2212	-1	-11000	Plastic	45.1981	566.191	2.98638	0	0	955.907	653.954	-180.737	1.17766	-59.4709	-37.521	15.25
950742	1	0	-2212	-1	-1	Fe	46.5939	563.205	78.5525	0	0	862.865	604.329	-186.038	5.1079	-32.829	-19.2947	10.2127
950742	1	0	-2212	-1	-1	Fe	46.6482	484.652	21.7172	0	0	852.922	573.377	-163.677	1.22322	-31.8424	-18.6038	10
950742	1	0	-2212	0	0	LAr	46.7912	462.935	8.71494	0	0	836.697	575.018	-163.957	3.18446	-29.2326	-16.8493	9.49917
950742	1	0	-2212	0	0	LAr	46.8874	453.828	5.62318	0	0	830.562	570.838	-156.306	2.13062	-27.4992	-15.658	9.15949
950742	1	0	-2212	0	0	LAr	46.9177	447.54	1.72303	0	0	830.005	567.478	-151.7	0.667029	-26.9559	-15.2847	9.05726
950742	1	0	-2212	0	0	LAr	47.0621	445.313	8.44474	0	0	812.838	570.297	-149.455	3.18222	-24.3585	-13.5088	8.58253
950742	1	0	-2212	0	0	LAr	47.3486	436.004	17.9092	0	0	796.855	552.043	-135.112	6.27677	-19.2779	-9.94415	7.64836
950742	1	0	-2212	0	0	LAr	47.5981	417.582	15.7258	0	0	782.52	536.5	-120.109	5.40053	-14.8813	-6.89835	6.9029
950742	1	0	-2212	0	0	LAr	47.7655	401.486	10.6853	0	0	764.744	531.401	-132.992	3.58145	-11.951	-4.88928	6.45312
950742	1	0	-2212	0	0	LAr	47.8877	390.359	7.9046	0	0	746.4	535.086	-139.81	2.5946	-9.84177	-3.42364	6.08632
950742	1	0	-2212	0	0	LAr	47.9615	382.081	4.7544	0	0	696.099	587.74	-143.015	1.55693	-8.59084	-2.52686	5.852
950742	1	0	-2212	0	0	LAr	48.6141	377.326	42.1351	0	0	641.347	547.929	-168.723	13.7166	1.76066	6.21326	3.72527
950742	1	0	-2212	0	0	LAr	48.7422	334.667	7.95168	0	0	638.621	532.359	-164.269	2.59453	3.6949	7.86576	3.21642
950742	1	0	-2212	0	0	LAr	48.7535	326.078	0.724467	0	0	637.976	529.472	-167.092	0.228356	3.86697	8.00921	3.17216
950742	1	0	-2212	0	0	LAr	49.0846	324.91	22.5371	0	0	604.106	517.84	-154.979	6.64584	8.87957	12.1693	1.85931
950742	1	0	-2212	0	0	LAr	49.2684	301.678	12.8054	0	0	594.72	496.625	-153.367	3.60284	11.5643	14.4707	1.17056
950742	1	0	-2212	0	0	LAr	49.5286	288.188	18.1007	0	0	575.708	467.653	-167.758	5.02376	15.3466	17.629	0.195188
950742	1	0	-2212	0	0	LAr	49.9886	269.468	32.9957	0	0	544.144	425.419	-150.318	8.6855	21.9205	22.9691	-1.72041
950742	1	0	-2212	0	0	LAr	50.3744	236.472	28.9477	0	0	503.18	400.774	-136.695	6.9615	27.2781	27.1577	-3.20043
950742	1	0	-2212	0	0	LAr	50.3976	207.525	1.72826	0	0	499.958	399.529	-134.087	0.399473	27.5837	27.4012	-3.28346
950742	1	0	-2212	0	0	LAr	50.6705	205.369	20.9121	0	0	455.972	384.369	-156.576	4.67764	31.1595	30.2587	-4.24248
950742	1	0	-2212	0	0	LAr	50.8887	184.457	18.8118	0	0	434.389	360.74	-136.402	3.59369	33.8166	32.4985	-5.15491
950742	1	0	-2212	0	0	LAr	51.1276	165.262	20.152	0	0	403.108	345.273	-107.946	3.77101	36.6359	34.8398	-6.04018
950742	1	0	-2212	0	0	LAr	51.3288	145.11	17.0696	0	0	381.736	315.044	-108.134	3.01563	38.8797	36.7617	-6.64105
950742	1	0	-2212	0	0	LAr	51.4994	128.04	15.3621	0	0	343.811	313.474	-87.5794	2.4308	40.7109	38.2729	-7.15975
950742	1	0	-2212	0	0	LAr	51.6437	112.678	13.6901	0	0	316.318	296.56	-86.8865	1.94945	42.1262	39.5634	-7.52028
950742	1	0	-2212	0	0	LAr	51.7656	98.9883	11.4787	0	0	290.71	285.724	-75.6522	1.55791	43.2403	40.6079	-7.8263
950742	1	0	-2212	0	0	LAr	51.8694	87.5096	10.8654	0	0	273.121	265.243	-68.9313	1.258	44.1222	41.4747	-8.0558
950742	1	0	-2212	0	0	LAr	51.8837	76.6442	1.42897	0	0	276.365	244.424	-103.35	0.164242	44.2381	41.5873	-8.08506
950742	1	0	-2212	0	0	LAr	51.9691	75.2152	8.73594	0	0	259.887	227.879	-98.491	0.967433	44.9358	42.2043	-8.34595
950742	1	0	-2212	0	0	LAr	52.0419	66.4793	7.97942	0	0	242.545	213.798	-93.0706	0.781403	45.5007	42.6996	-8.56003
950742	1	0	-2212	0	0	LAr	52.1039	58.4998	7.15221	0	0	225.739	203.765	-80.7115	0.626876	45.9524	43.0978	-8.73339
950742	1	0	-2212	0	0	LAr	52.1564	51.3476	6.22121	0	0	214.428	186.934	-76.1208	0.501112	46.3119	43.4223	-8.8619
950742	1	0	-2212	0	0	LAr	52.2012	45.1264	5.89124	0	0	188.668	182.831	-78.3792	0.401781	46.6024	43.6784	-8.96801
950742	1	0	-2212	0	0	LAr	52.2388	39.2352	5.13622	0	0	177.608	163.988	-81.9405	0.31686	46.8204	43.8897	-9.05857
950742	1	0	-2212	0	0	LAr	52.2707	34.099	4.44664	0	0	164.637	154.408	-74.6737	0.250488	46.9947	44.0506	-9.13896
950742	1	0	-2212	0	0	LAr	52.2977	29.6523	4.05142	0	0	150.555	144.968	-70.8101	0.199044	47.1324	44.1798	-9.20146
950742	1	0	-2212	0	0	LAr	52.3206	25.6009	3.67717	0	0	137.009	136.018	-65.947	0.157191	47.2397	44.283	-9.25188
950742	1	0	-2212	0	0	LAr	52.3399	21.9237	3.07525	0	0	126.626	122.044	-69.2575	0.123458	47.3225	44.3653	-9.29178
950742	1	0	-2212	0	0	LAr	52.3566	18.8485	2.81086	0	0	109.965	112.903	-74.2496	0.0984165	47.3885	44.4288	-9.32783
950742	1	0	-2212	0	0	LAr	52.3708	16.0376	2.40701	0	0	100.935	104.421	-68.3569	0.0781051	47.4377	44.4794	-9.3611
950742	1	0	-2212	0	0	LAr	52.3832	13.6306	2.22597	0	0	93.5249	94.6063	-61.92	0.0627176	47.4772	44.5202	-9.3878
950742	1	0	-2212	0	0	LAr	52.3941	11.4046	2.06915	0	0	91.6837	82.4474	-49.0114	0.0501666	47.5091	44.5526	-9.40896
950742	1	0	-2212	0	0	LAr	52.4036	9.33548	1.97311	0	0	84.9744	70.6706	-40.6821	0.0399606	47.5367	44.5774	-9.42371
950742	1	0	-2212	0	0	LAr	52.412	7.36237	1.89119	0	0	73.6854	59.5183	-36.3987	0.0315166	47.5594	44.5963	-9.43459
950742	1	0	-2212	0	0	LAr	52.4196	5.47118	1.93168	0	0	58.8433	49.5949	-27.0623	0.0244813	47.5772	44.6106	-9.44336
950742	1	0	-2212	0	0	LAr	52.4264	3.5395	1.97248	0	0	42.2196	31.2369	-13.594	0.0177615	47.59	44.6214	-9.44925
950742	1	0	-2212	0	0	LAr	52.4306	1.56702	1.56702	0	0	0	0	-0	0.00725957	47.5957	44.6254	-9.45137
950742	1	0	-2212	0	0	LAr	52.4306	0	0	0	0	0	0	-0	0	47.5957	44.6254	-9.45137
952222	1	0	-2212	-1	-12000	Vacuum	0.000229869	613.956	1.84922e-17	0	0	-1118.69	476.3	-225.245	0.0054898	867.291	-375.846	174.9
952222	1	0	-2212	-1	-10005	Plastic	32.7229	566.28	1.36891	0	0	-1059.93	459.496	-211.213	0.554056	175	-75.594	36.9135
952222	1	0	-2212	-1	-11000	Plastic	37.8657	564.911	6.94635	0	0	-1051.65	457.088	-208.508	2.7801	66.2861	-28.465	15.25
952222	1	0	-2212	-1	-1	Fe	39.0727	557.965	66.2824	0	0	-972.23	437.947	-165.492	4.43296	40.8517	-17.4102	10.2072
952222	1	0	-2212	-1	-1	Fe	39.1325	491.683	20.8833	0	0	-960.144	407.826	-130.11	1.35103	39.6346	-16.8619	10
952222	1	0	-2212	0	0	LAr	39.1817	470.799	2.92569	0	0	-958.636	399.229	-132.292	1.10249	38.6276	-16.4342	9.86355
952222	1	0	-2212	0	0	LAr	39.1832	467.51	0.0734796	0	0	-958.009	398.523	-132.697	0.0324315	38.5979	-16.4218	9.85945
952222	1	0	-2212	0	0	LAr	39.317	466.92	8.54335	0	0	-949.361	389.729	-126.379	2.98502	35.8642	-15.2846	9.4808
952222	1	0	-2212	0	0	LAr	39.5463	457.973	14.0334	0	0	-926.141	395.239	-122.302	5.09194	31.1893	-13.3655	8.85847
952222	1	0	-2212	0	0	LAr	39.6624	443.489	7.45325	0	0	-919.722	379.821	-128.464	2.5563	28.8554	-12.3695	8.55026
952222	1	0	-2212	0	0	LAr	39.7205	435.413	3.87377	0	0	-916.421	373.358	-124.06	1.27014	27.6911	-11.8887	8.38763
952222	1	0	-2212	0	0	LAr	40.3481	431.023	39.5239	0	0	-865.807	342.354	-137.782	13.7072	15.0977	-6.75799	6.6828
952222	1	0	-2212	0	0	LAr	40.6116	390.7	16.7433	0	0	-854.475	328.95	-57.0444	5.59373	9.95225	-4.72342	5.86398
952222	1	0	-2212	0	0	LAr	40.6177	373.957	0.39111	0	0	-852.813	330.57	-55.2176	0.129255	9.83186	-4.67707	5.85594
952222	1	0	-2212	0	0	LAr	40.6451	373.204	1.64969	0	0	-848.285	333.52	-58.736	0.572475	9.29906	-4.47055	5.82145
952222	1	0	-2212	0	0	LAr	40.6637	371.166	1.28424	0	0	-845.224	333.9	-60.2522	0.38989	8.93696	-4.32818	5.79637
952222	1	0	-2212	0	0	LAr	41.1968	369.351	36.7247	0	0	-791.075	326.326	-40.3256	11.134	-1.39384	-0.24706	5.05994
952222	1	0	-2212	0	0	LAr	41.2558	332.267	3.6871	0	0	-786.568	319.965	-40.6189	1.19265	-2.49513	0.207231	5.0038
952222	1	0	-2212	0	0	LAr	41.5078	327.853	17.468	0	0	-760.543	313.541	-34.3318	5.07171	-7.18721	2.11591	4.7615
952222	1	0	-2212	0	0	LAr	41.5869	310.033	5.40105	0	0	-754.3	305.588	-27.9092	1.56435	-8.63218	2.71161	4.69627
952222	1	0	-2212	0	0	LAr	41.8179	304.099	15.6898	0	0	-734.579	287.362	-33.6373	4.54099	-12.838	4.41552	4.54065
952222	1	0	-2212	0	0	LAr	41.8792	287.97	4.12063	0	0	-726.07	289.384	-28.053	1.18294	-13.9386	4.84607	4.49025
952222	1	0	-2212	0	0	LAr	41.9237	283.228	2.75215	0	0	-720.045	291.818	-19.9906	0.854655	-14.732	5.16229	4.4596
952222	1	0	-2212	0	0	LAr	42.0126	280.078	5.52544	0	0	-713.297	282.683	-30.9088	1.70017	-16.3071	5.80064	4.41587
952222	1	0	-2212	0	0	LAr	42.1334	274.168	7.85915	0	0	-699.518	282.12	-18.8416	2.29392	-18.4379	6.64505	4.32354
952222	1	0	-2212	0	0	LAr	42.5742	265.732	31.8459	0	0	-647.117	271.285	-10.9206	8.28206	-26.1146	9.74112	4.11677
952222	1	0	-2212	0	0	LAr	42.9533	233.406	27.0993	0	0	-602.163	258.029	22.9362	6.80862	-32.3915	12.3725	4.01084
952222	1	0	-2212	0	0	LAr	43.0118	206.307	4.83713	0	0	-590.513	261.533	26.0652	1.00454	-33.3142	12.7679	4.04599
952222	1	0	-2212	0	0	LAr	43.2936	201.087	22.1135	0	0	-551.704	251.791	10.3709	4.79426	-37.6933	14.7074	4.23928
952222	1	0	-2212	0	0	LAr	43.5177	178.974	18.8524	0	0	-515.389	245.398	16.3437	3.64703	-41.01	16.2211	4.30162
952222	1	0	-2212	0	0	LAr	43.7468	160.121	19.0967	0	0	-487.346	216.27	15.7462	3.57177	-44.2327	17.7556	4.40382
952222	1	0	-2212	0	0	LAr	43.9405	141.024	16.3627	0	0	-458.73	193.988	37.5444	2.87098	-46.8551	18.9193	4.48855
952222	1	0	-2212	0	0	LAr	44.1052	124.662	15.1578	0	0	-418.729	194.592	65.4232	2.32121	-48.9968	19.7824	4.71343
952222	1	0	-2212	0	0	LAr	44.2442	109.504	13.0866	0	0	-399.706	163.956	59.845	1.85547	-50.6624	20.5565	4.97367
952222	1	0	-2212	0	0	LAr	44.362	96.4173	11.2051	0	0	-379.496	146.022	42.7332	1.48843	-52.0261	21.1158	5.17784
952222	1	0	-2212	0	0	LAr	44.4623	85.2122	10.2189	0	0	-352.586	139.383	51.0676	1.20123	-53.1408	21.5447	5.30336
952222	1	0	-2212	0	0	LAr	44.5473	74.9933	8.86284	0	0	-333.639	124.152	41.7281	0.962494	-54.0276	21.8953	5.43181
952222	1	0	-2212	0	0	LAr	44.6196	66.1305	7.96408	0	0	-307.915	127.853	37.1085	0.774338	-54.7482	22.1635	5.52194
952222	1	0	-2212	0	0	LAr	44.6811	58.1664	6.67199	0	0	-289.479	115.525	46.2481	0.620743	-55.3178	22.4	5.59058
952222	1	0	-2212	0	0	LAr	44.7339	51.4944	6.36948	0	0	-270.594	106.222	47.0186	0.50357	-55.7803	22.5846	5.66447
952222	1	0	-2212	0	0	LAr	44.7786	45.1249	5.41353	0	0	-252.821	103.937	37.0911	0.401759	-56.1494	22.7294	5.72861
952222	1	0	-2212	0	0	LAr	44.8169	39.7114	4.99037	0	0	-236.762	99.1953	21.5692	0.323381	-56.4445	22.8567	5.76211
952222	1	0	-2212	0	0	LAr	44.8494	34.721	4.47566	0	0	-221.902	88.3041	25.1645	0.258135	-56.6817	22.9561	5.78371
952222	1	0	-2212	0	0	LAr	44.877	30.2454	3.96725	0	0	-208.678	77.8161	20.0179	0.205575	-56.8716	23.0316	5.80525
952222	1	0	-2212	0	0	LAr	44.9006	26.2781	3.23577	0	0	-194.29	74.3284	22.3089	0.163848	-57.0245	23.0886	5.81991
952222	1	0	-2212	0	0	LAr	44.921	23.0423	3.20763	0	0	-176.588	78.6691	15.5584	0.133286	-57.1462	23.1411	5.83362
952222	1	0	-2212	0	0	LAr	44.9385	19.8347	2.72606	0	0	-165.517	70.1265	9.17602	0.10613	-57.2428	23.1841	5.84213
952222	1	0	-2212	0	0	LAr	44.9536	17.1087	2.43874	0	0	-153.999	62.8106	9.11146	0.08555	-57.3214	23.2175	5.84649
952222	1	0	-2212	0	0	LAr	44.9668	14.6699	2.29968	0	0	-138.559	63.5766	11.2145	0.0691321	-57.3853	23.2435	5.85027
952222	1	0	-2212	0	0	LAr	44.9783	12.3702	2.22553	0	0	-126.929	53.5289	12.7934	0.0554113	-57.4355	23.2665	5.85434
952222	1	0	-2212	0	0	LAr	44.9883	10.1447	1.98128	0	0	-114.606	46.9413	6.90353	0.043785	-57.4757	23.2835	5.85838
952222	1	0	-2212	0	0	LAr	44.9948	8.16343	1.37129	0	0	-55.8595	43.6912	-86.4846	0.0255842	-57.4993	23.2932	5.85981
952222	1	0	-2212	0	0	LAr	45.0028	6.64236	1.82807	0	0	-38.5746	37.1344	-78.6794	0.0287295	-57.5136	23.3044	5.83761
952222	1	0	-2212	0	0	LAr	45.0102	4.81429	1.81362	0	0	-36.4731	28.787	-58.9992	0.0222107	-57.5226	23.313	5.81926
952222	1	0	-2212	0	0	LAr	45.0167	3.00067	2.11451	0	0	-16.8035	17.1162	-32.9907	0.0156531	-57.5302	23.319	5.80699
952222	1	0	-2212	0	0	LAr	45.0193	0.886162	0.87807	0	0	-1.1587	1.62552	-3.34681	0.00340006	-57.5316	23.3204	5.80425
952222	1	0	-2212	0	0	LAr	45.0194	0.00809252	0.00809252	0	0	-0	0	-0	0.000348663	-57.5316	23.3204	5.80424
952222	1	0	-2212	0	0	LAr	45.0194	0	0	0	0	-0	0	-0	0	-57.5316	23.3204	5.80424
1484727	1	0	-2212	-1	-12000	Vacuum	0.000133073	642.844	1.06354e-17	0	0	1000.15	-679.854	-396.326	0.00321106	-653.067	524.165	174.9
1484727	1	0	-2212	-1	-10004	Plastic	26.0743	606.649	1.58952	0	0	942.623	-732.292	-277	0.649855	-175	153.997	32.8227
1484727	1	0	-2212	-1	-11002	Plastic	31.6277	605.059	2.47045	0	0	939.834	-731.048	-276.005	0.836667	-73.3136	75	2.94102
1484727	1	0	-2212	-1	-1	Fe	31.9793	602.589	23.7936	0	0	905.684	-727.301	-268.158	1.67207	-66.8856	70	1.05329
1484727	1	0	-2212	0	0	LAr	31.9999	578.795	1.13898	0	0	902.377	-728	-268.839	0.485277	-66.517	69.7039	0.944128
1484727	1	0	-2212	0	0	LAr	32.2699	577.28	14.7269	0	0	894.216	-704.099	-270.438	6.35761	-61.6804	65.8355	-0.489869
1484727	1	0	-2212	0	0	LAr	32.4258	561.351	9.10913	0	0	886.072	-693.033	-273.423	3.64575	-58.8937	63.6413	-1.33266
1484727	1	0	-2212	0	0	LAr	32.5557	551.873	7.94929	0	0	802.705	-810.542	-115.806	3.02584	-56.5778	61.8299	-2.04731
1484727	1	0	-2212	0	0	LAr	32.5565	543.308	0.0575853	0	0	800.995	-810.114	-114.93	0.0189177	-56.5645	61.8165	-2.04922
1484727	1	0	-2212	0	0	LAr	33.0068	542.08	27.0001	0	0	776.417	-785.832	-99.1692	10.4416	-49.2608	54.4296	-3.09719
1484727	1	0	-2212	0	0	LAr	33.0852	514.499	4.44645	0	0	768.477	-783.998	-101.054	1.79619	-48.0035	53.157	-3.25778
1484727	1	0	-2212	0	0	LAr	33.2598	509.408	10.0191	0	0	752.398	-779.798	-100.464	3.98666	-45.2246	50.3221	-3.6232
1484727	1	0	-2212	0	0	LAr	33.3929	498.611	8.09828	0	0	742.911	-773.12	-102.173	3.02171	-43.1355	48.1569	-3.90215
1484727	1	0	-2212	0	0	LAr	33.4518	490.162	3.42105	0	0	758.863	-749.799	-110.625	1.32974	-42.2183	47.2024	-4.02829
1484727	1	0	-2212	0	0	LAr	33.5691	486.741	7.11291	0	0	756.152	-739.061	-97.7171	2.64828	-40.3446	45.351	-4.30144
1484727	1	0	-2212	0	0	LAr	33.6615	478.725	5.56103	0	0	751.912	-731.78	-95.5599	2.07476	-38.8671	43.907	-4.49237
1484727	1	0	-2212	0	0	LAr	33.7512	472.529	5.53646	0	0	749.129	-723.579	-90.701	2.00971	-37.4329	42.5111	-4.67465
1484727	1	0	-2212	0	0	LAr	33.918	466.485	10.3916	0	0	740.891	-710.904	-89.6883	3.72003	-34.7674	39.9365	-4.99737
1484727	1	0	-2212	0	0	LAr	34.1577	455.537	14.4248	0	0	718.402	-707.182	-70.7066	5.31439	-30.9475	36.2713	-5.45979
1484727	1	0	-2212	0	0	LAr	34.1991	440.699	2.46403	0	0	715.739	-703.846	-73.2687	0.910216	-30.3004	35.6343	-5.52348
1484727	1	0	-2212	0	0	LAr	34.4266	437.738	13.9111	0	0	714.054	-676.249	-78.1222	4.98955	-26.7525	32.1453	-5.88667
1484727	1	0	-2212	0	0	LAr	34.6142	423.214	11.8155	0	0	703.608	-663.295	-70.3075	4.07526	-23.803	29.352	-6.20936
1484727	1	0	-2212	0	0	LAr	34.8201	410.921	12.7367	0	0	714.903	-626.429	-36.2199	4.43648	-20.523	26.3741	-6.4234
1484727	1	0	-2212	0	0	LAr	35.0458	397.829	14.2914	0	0	693.953	-617.918	-46.5501	4.81746	-16.9025	23.2017	-6.60683
1484727	1	0	-2212	0	0	LAr	35.1007	383.059	3.38647	0	0	690.266	-613.64	-48.1815	1.15752	-16.0392	22.433	-6.66474
1484727	1	0	-2212	0	0	LAr	35.2062	379.186	6.22306	0	0	687.09	-602.797	-36.1779	2.22092	-14.3816	20.9594	-6.78044
1484727	1	0	-2212	0	0	LAr	35.398	372.117	12.1342	0	0	663.176	-602.478	48.2661	4.01495	-11.3661	18.3138	-6.93922
1484727	1	0	-2212	0	0	LAr	35.589	359.983	12.3689	0	0	649.413	-590.272	44.205	3.957	-8.44163	15.657	-6.72638
1484727	1	0	-2212	0	0	LAr	35.727	347.211	9.76333	0	0	643.144	-571.614	76.3738	2.82849	-6.34901	13.7605	-6.57389
1484727	1	0	-2212	0	0	LAr	35.7934	337.096	4.4039	0	0	632.984	-572.546	74.9118	1.34735	-5.3459	12.869	-6.45477
1484727	1	0	-2212	0	0	LAr	36.0968	332.336	20.4235	0	0	609.313	-549.697	87.6099	6.13374	-0.814894	8.77062	-5.91854
1484727	1	0	-2212	0	0	LAr	36.516	311.312	28.8786	0	0	571.176	-524.445	85.4504	8.30334	5.3144	3.24102	-5.03724
1484727	1	0	-2212	0	0	LAr	36.7142	281.95	13.3204	0	0	564.142	-500.617	80.4816	3.79904	8.09567	0.687302	-4.62115
1484727	1	0	-2212	0	0	LAr	37.0902	268.254	25.8512	0	0	543.691	-455.85	95.6596	7.08731	13.3658	-3.98936	-3.8693
1484727	1	0	-2212	0	0	LAr	37.1235	241.942	2.08346	0	0	536.69	-457.288	97.5366	0.60484	13.8251	-4.37448	-3.78849
1484727	1	0	-2212	0	0	LAr	37.124	239.445	0.106423	0	0	494.869	-503.552	89.1709	0.00882991	13.8318	-4.38015	-3.78728
1484727	1	0	-2212	0	0	LAr	37.1639	239.338	3.09188	0	0	488.642	-501.334	90.3606	0.724435	14.3355	-4.89275	-3.69651
1484727	1	0	-2212	0	0	LAr	37.5484	235.877	28.5433	0	0	464.354	-456.833	87.9652	6.93174	19.1328	-9.81464	-2.80938
1484727	1	0	-2212	0	0	LAr	37.7829	207.334	18.9103	0	0	429.834	-445.075	73.7767	4.03331	21.9816	-12.6173	-2.26972
1484727	1	0	-2212	0	0	LAr	38.0666	188.07	23.4255	0	0	406.101	-407.632	70.6332	4.70738	25.228	-15.9788	-1.71251
1484727	1	0	-2212	0	0	LAr	38.3044	164.645	19.9281	0	0	379.844	-378.933	68.1067	3.74685	27.8521	-18.6128	-1.2561
1484727	1	0	-2212	0	0	LAr	38.5048	144.717	17.137	0	0	364.929	-340.591	80.6839	3.00158	29.9596	-20.7153	-0.878217
1484727	1	0	-2212	0	0	LAr	38.6746	127.58	15.6625	0	0	343.61	-317.341	61.3966	2.41573	31.7026	-22.342	-0.49285
1484727	1	0	-2212	0	0	LAr	38.8176	111.917	13.6066	0	0	327.106	-290.121	54.5938	1.92674	33.1057	-23.6378	-0.242152
1484727	1	0	-2212	0	0	LAr	38.9384	98.3106	12.1993	0	0	301.054	-275.195	51.3872	1.53947	34.2482	-24.6512	-0.0514581
1484727	1	0	-2212	0	0	LAr	39.0401	86.1112	10.1694	0	0	287.515	-251.259	49.7918	1.22331	35.1438	-25.4699	0.101414
1484727	1	0	-2212	0	0	LAr	39.1265	75.9419	8.85325	0	0	276.027	-227.689	48.6064	0.983687	35.8781	-26.1116	0.228579
1484727	1	0	-2212	0	0	LAr	39.2002	67.0886	8.37903	0	0	255.936	-215.153	42.7032	0.793811	36.4848	-26.6119	0.335402
1484727	1	0	-2212	0	0	LAr	39.2624	58.7096	7.18511	0	0	233.79	-206.629	44.5998	0.630747	36.9635	-27.0144	0.415288
1484727	1	0	-2212	0	0	LAr	39.3152	51.5245	6.64957	0	0	221.332	-186.378	49.9889	0.504074	37.3373	-27.3448	0.486597
1484727	1	0	-2212	0	0	LAr	39.3596	44.8749	5.56444	0	0	208.594	-169.061	56.743	0.39797	37.6372	-27.5973	0.554328
1484727	1	0	-2212	0	0	LAr	39.3974	39.3105	4.99599	0	0	186.389	-165.408	58.9025	0.317887	37.8788	-27.7931	0.620037
1484727	1	0	-2212	0	0	LAr	39.4294	34.3145	4.25766	0	0	171.923	-157.137	55.2898	0.253125	38.063	-27.9566	0.678246
1484727	1	0	-2212	0	0	LAr	39.4569	30.0568	3.78136	0	0	166.443	-142.76	43.7449	0.203488	38.2091	-28.0901	0.725231
1484727	1	0	-2212	0	0	LAr	39.4804	26.2755	3.39427	0	0	152.593	-133.55	48.3834	0.163822	38.331	-28.1947	0.75727
1484727	1	0	-2212	0	0	LAr	39.5007	22.8812	3.27727	0	0	139.611	-125.046	45.2127	0.131846	38.4275	-28.2791	0.78786
1484727	1	0	-2212	0	0	LAr	39.518	19.6039	2.60507	0	0	125.974	-122.965	34.6151	0.104298	38.503	-28.3467	0.81231
1484727	1	0	-2212	0	0	LAr	39.533	16.9988	2.62584	0	0	115.32	-115.239	24.4822	0.0847698	38.5625	-28.4048	0.828659
1484727	1	0	-2212	0	0	LAr	39.546	14.373	2.21533	0	0	107.886	-104.263	21.2573	0.0672638	38.6095	-28.4518	0.838644
1484727	1	0	-2212	0	0	LAr	39.5573	12.1577	2.14688	0	0	97.4933	-94.3603	21.8419	0.0542303	38.6481	-28.4891	0.846249
1484727	1	0	-2212	0	0	LAr	39.5673	10.0108	2.03251	0	0	86.8381	-84.7746	17.54	0.0431373	38.6787	-28.5187	0.853101
1484727	1	0	-2212	0	0	LAr	39.576	7.97827	1.9345	0	0	75.0638	-74.3459	14.699	0.0340215	38.7027	-28.5422	0.857965
1484727	1	0	-2212	0	0	LAr	39.5838	6.04378	1.86165	0	0	62.1426	-59.3625	21.9052	0.0265187	38.7214	-28.5607	0.861616
1484727	1	0	-2212	0	0	LAr	39.5909	4.18213	1.86575	0	0	43.451	-46.323	17.8425	0.0200437	38.7354	-28.5741	0.866561
1484727	1	0	-2212	0	0	LAr	39.5968	2.31638	2.31638	0	0	0	-0	0	0.0123452	38.7435	-28.5827	0.869892
1484727	1	0	-2212	0	0	LAr	39.5968	0	0	0	0	0	-0	0	0	38.7435	-28.5827	0.869892
1713119	1	0	-2212	-1	-12000	Vacuum	0.000231739	612.507	1.86491e-17	0	0	-1141.02	415.697	-223.219	0.00553149	891.935	-304.929	174.9
1713119	1	0	-2212	-1	-10005	Plastic	33.0814	565.293	1.1767	0	0	-1084.04	396.973	-209.953	0.540687	175	-43.9327	37.3352
1713119	1	0	-2212	-1	-11000	Plastic	38.353	564.116	7.17931	0	0	-1073.2	398.835	-210.883	2.79405	60.9691	-2.17493	15.25
1713119	1	0	-2212	-1	-1	Fe	39.5732	556.936	73.0222	0	0	-970.269	398.299	-205.414	5.02186	34.7128	7.58278	10.0906
1713119	1	0	-2212	-1	-1	Fe	39.5941	483.914	7.32745	0	0	-954.947	406.801	-209.907	0.471546	34.2847	7.7585	10
1713119	1	0	-2212	0	0	LAr	39.7615	476.587	10.5907	0	0	-952.84	380.836	-193.491	3.75528	30.8781	9.16253	9.27638
1713119	1	0	-2212	0	0	LAr	39.8121	465.556	3.15012	0	0	-941.979	385.619	-209.409	1.12838	29.8521	9.57738	9.05664
1713119	1	0	-2212	0	0	LAr	39.964	461.811	8.98048	0	0	-937.297	366.151	-200.579	3.38026	26.7881	10.8317	8.37549
1713119	1	0	-2212	0	0	LAr	40.1073	452.116	9.2274	0	0	-927.396	359.516	-189.2	3.17171	23.8909	11.9635	7.75549
1713119	1	0	-2212	0	0	LAr	40.1151	442.114	0.489343	0	0	-925.898	359.576	-189.865	0.171832	23.7335	12.0245	7.72338
1713119	1	0	-2212	0	0	LAr	40.1424	441.215	1.66633	0	0	-923.558	358.245	-188.167	0.600304	23.1839	12.2379	7.61068
1713119	1	0	-2212	0	0	LAr	40.2752	439.066	8.30827	0	0	-915.113	344.391	-188.164	2.91273	20.5161	13.2728	7.06713
1713119	1	0	-2212	0	0	LAr	40.2815	429.864	0.518822	0	0	-914.659	343.093	-186.152	0.139194	20.3881	13.3209	7.04083
1713119	1	0	-2212	0	0	LAr	40.3208	428.959	2.28126	0	0	-907.286	346.352	-196.421	0.856876	19.6	13.6165	6.88044
1713119	1	0	-2212	0	0	LAr	40.3629	426.303	2.79839	0	0	-926.61	284.548	-185.761	0.915501	18.7617	13.9366	6.69895
1713119	1	0	-2212	0	0	LAr	40.644	423.504	17.769	0	0	-898.791	280.005	-196.464	6.10748	13.0281	15.6973	5.5495
1713119	1	0	-2212	0	0	LAr	40.8405	405.298	12.0527	0	0	-881.807	281.026	-185.636	4.21776	9.08635	16.9253	4.68789
1713119	1	0	-2212	0	0	LAr	40.8764	392.658	1.97595	0	0	-877.628	283.233	-184.521	0.763796	8.37283	17.1527	4.53768
1713119	1	0	-2212	0	0	LAr	40.8852	390.206	0.436207	0	0	-876.749	281.168	-185.814	0.186824	8.19849	17.2089	4.50103
1713119	1	0	-2212	0	0	LAr	41.1376	389.367	16.6092	0	0	-848.472	289.931	-181.353	5.35221	3.20304	18.8109	3.44232
1713119	1	0	-2212	0	0	LAr	41.2195	372.151	5.60322	0	0	-839.476	308.588	-149.178	1.71459	1.6128	19.3543	3.10242
1713119	1	0	-2212	0	0	LAr	41.661	366.548	27.8172	0	0	-806.383	273.941	-153.499	9.19861	-6.90209	22.4844	1.58929
1713119	1	0	-2212	0	0	LAr	41.6977	338.135	2.23685	0	0	-803.469	268.355	-155.654	0.746941	-7.59811	22.7208	1.4568
1713119	1	0	-2212	0	0	LAr	41.9729	335.368	18.6285	0	0	-770.102	280.554	-145.334	5.5798	-12.8029	24.4592	0.448503
1713119	1	0	-2212	0	0	LAr	42.4193	316.018	31.0192	0	0	-732.138	251.068	-124.635	8.88222	-21.0188	27.4523	-1.10202
1713119	1	0	-2212	0	0	LAr	42.688	284.409	18.1986	0	0	-711.31	226.722	-107.138	5.16645	-25.8431	29.1067	-1.92329
1713119	1	0	-2212	0	0	LAr	42.6892	265.554	0.0630572	0	0	-710.613	225.971	-106.253	0.0217448	-25.8636	29.1132	-1.92638
1713119	1	0	-2212	0	0	LAr	42.7256	264.923	2.53542	0	0	-703.122	233.563	-106.513	0.684309	-26.5092	29.3185	-2.02291
1713119	1	0	-2212	0	0	LAr	42.813	261.991	5.92168	0	0	-693.828	227.182	-108.727	1.63313	-28.0433	29.8281	-2.25529
1713119	1	0	-2212	0	0	LAr	42.8507	255.539	2.5303	0	0	-685.843	235.224	-114.392	0.699054	-28.7004	30.0433	-2.35826
1713119	1	0	-2212	0	0	LAr	42.8971	253.009	3.57408	0	0	-678.714	237.217	-111.097	0.858047	-29.5021	30.3182	-2.49198
1713119	1	0	-2212	0	0	LAr	43.0766	249.003	12.778	0	0	-659.297	227.733	-108.231	3.29752	-32.5781	31.3933	-2.99549
1713119	1	0	-2212	0	0	LAr	43.1873	235.867	8.07429	0	0	-651.309	212.555	-95.4804	1.99439	-34.4408	32.0367	-3.30127
1713119	1	0	-2212	0	0	LAr	43.4398	227.427	19.0033	0	0	-610.32	222.605	-107.44	4.49248	-38.67	33.4169	-3.92127
1713119	1	0	-2212	0	0	LAr	43.7645	208.001	24.4896	0	0	-561.737	233.723	-88.6989	5.5933	-43.8531	35.3074	-4.83368
1713119	1	0	-2212	0	0	LAr	43.9486	183.511	14.2169	0	0	-537.88	224.844	-80.4874	3.02553	-46.6168	36.4573	-5.27008
1713119	1	0	-2212	0	0	LAr	44.1953	169.294	19.4857	0	0	-508.522	208.628	-38.0011	3.93035	-50.1855	38.03	-5.74406
1713119	1	0	-2212	0	0	LAr	44.405	149.808	19.157	0	0	-479.922	174.383	-38.8408	3.18555	-53.1249	39.236	-5.96372
1713119	1	0	-2212	0	0	LAr	44.5802	130.651	16.3548	0	0	-449.7	156.492	-28.7421	2.5169	-55.4831	40.0928	-6.15457
1713119	1	0	-2212	0	0	LAr	44.7273	114.297	14.243	0	0	-419.673	143.295	-33.2639	1.99809	-57.3663	40.7482	-6.27493
1713119	1	0	-2212	0	0	LAr	44.8508	100.054	12.0547	0	0	-398.869	111.413	-36.9877	1.58708	-58.8636	41.2594	-6.39361
1713119	1	0	-2212	0	0	LAr	44.9554	87.9988	10.8528	0	0	-371.738	105.231	-38.1626	1.27023	-60.0819	41.5997	-6.50658
1713119	1	0	-2212	0	0	LAr	45.0436	77.146	9.18819	0	0	-347.776	95.1942	-46.196	1.01088	-61.0496	41.8737	-6.60593
1713119	1	0	-2212	0	0	LAr	45.1185	67.9578	8.06211	0	0	-323.734	87.4169	-59.4885	0.811659	-61.8259	42.0861	-6.70905
1713119	1	0	-2212	0	0	LAr	45.1823	59.8957	7.26974	0	0	-303.525	84.0134	-48.3603	0.652833	-62.4463	42.2537	-6.82305
1713119	1	0	-2212	0	0	LAr	45.2365	52.6259	6.68652	0	0	-283.017	83.167	-36.0906	0.522696	-62.9441	42.3915	-6.90236
1713119	1	0	-2212	0	0	LAr	45.2823	45.9394	6.08034	0	0	-263.818	77.3918	-28.2231	0.414211	-63.3384	42.5073	-6.95265
1713119	1	0	-2212	0	0	LAr	45.3207	39.8591	4.64736	0	0	-249.64	66.9302	-22.7204	0.325416	-63.649	42.5984	-6.98587
1713119	1	0	-2212	0	0	LAr	45.3537	35.2117	4.52392	0	0	-230.899	66.38	-28.4308	0.264244	-63.9031	42.6666	-7.009
1713119	1	0	-2212	0	0	LAr	45.3818	30.6878	3.98772	0	0	-214.63	61.8789	-30.3629	0.210515	-64.104	42.7243	-7.03374
1713119	1	0	-2212	0	0	LAr	45.4058	26.7001	3.55951	0	0	-196.975	61.7163	-36.7663	0.168065	-64.264	42.7704	-7.05637
1713119	1	0	-2212	0	0	LAr	45.4263	23.1406	3.21159	0	0	-182.609	50.1068	-44.025	0.134167	-64.39	42.8099	-7.07995
1713119	1	0	-2212	0	0	LAr	45.4439	19.929	2.6811	0	0	-169.613	49.3908	-38.1555	0.106882	-64.4903	42.8374	-7.10414
1713119	1	0	-2212	0	0	LAr	45.4592	17.2479	2.60265	0	0	-154.033	50.476	-37.7193	0.0865444	-64.5715	42.8611	-7.12241
1713119	1	0	-2212	0	0	LAr	45.4723	14.6452	2.14897	0	0	-141.863	49.4922	-32.1155	0.0689756	-64.6353	42.882	-7.13804
1713119	1	0	-2212	0	0	LAr	45.4839	12.4962	2.07919	0	0	-126.272	49.5277	-35.4823	0.0561183	-64.6871	42.9001	-7.14976
1713119	1	0	-2212	0	0	LAr	45.4941	10.4171	1.87203	0	0	-112.629	51.1597	-28.3814	0.0451202	-64.7277	42.916	-7.16117
1713119	1	0	-2212	0	0	LAr	45.5032	8.54503	1.98726	0	0	-94.9418	53.6989	-21.2468	0.0364302	-64.76	42.9307	-7.16932
1713119	1	0	-2212	0	0	LAr	45.5112	6.55777	1.80256	0	0	-84.0692	38.4471	-20.0038	0.0284115	-64.7843	42.9444	-7.17474
1713119	1	0	-2212	0	0	LAr	45.5185	4.75521	1.89498	0	0	-64.2797	32.2882	-14.1817	0.0220085	-64.8038	42.9533	-7.17939
1713119	1	0	-2212	0	0	LAr	45.5249	2.86023	2.09106	0	0	-34.6398	15.1118	-3.96013	0.0150503	-64.817	42.9599	-7.1823
1713119	1	0	-2212	0	0	LAr	45.5273	0.769165	0.769165	0	0	-0	0	0	0.00286611	-64.8196	42.9611	-7.1826
1713119	1	0	-2212	0	0	LAr	45.5273	0	0	0	0	-0	0	0	0	-64.8196	42.9611	-7.1826
1941382	1	0	-2212	-1	-12000	Vacuum	0.000220025	608.92	1.77219e-17	0	0	1050.85	595.105	-234.559	0.00524484	-814.589	-441.236	174.9
1941382	1	0	-2212	-1	-10004	Plastic	32.099	557.952	1.49987	0	0	992.313	566.343	-220.035	0.586215	-175	-75.8155	34.6728
1941382	1	0	-2212	-1	-11005	Plastic	37.1235	556.452	1.28228	0	0	991.244	565.246	-218.966	0.586295	-75	-18.7425	12.4988
1941382	1	0	-2212	-1	-1	Fe	37.5167	555.17	17.6117	0	0	974.071	547.373	-222.01	1.21858	-67.1754	-14.2806	10.7704
1941382	1	0	-2212	-1	-1	Fe	37.6875	537.558	60.3292	0	0	901.846	514.493	-212.743	3.95404	-63.7954	-12.3812	10
1941382	1	0	-2212	0	0	LAr	37.7739	477.229	5.08641	0	0	892.249	523.965	-191.661	1.93727	-62.1477	-11.4322	9.62965
1941382	1	0	-2212	0	0	LAr	37.8115	471.599	2.52483	0	0	890.052	519.751	-187.475	0.842075	-61.4338	-11.0129	9.47628
1941382	1	0	-2212	0	0	LAr	37.8539	468.083	2.49247	0	0	887.446	516.278	-187.035	0.948322	-60.6281	-10.5424	9.30657
1941382	1	0	-2212	0	0	LAr	37.9729	465.095	6.86935	0	0	879.007	508.341	-193.484	2.65084	-58.3739	-9.23102	8.8315
1941382	1	0	-2212	0	0	LAr	38.2609	457.742	18.4945	0	0	862.883	489.311	-179.093	6.39498	-52.9362	-6.08632	7.63456
1941382	1	0	-2212	0	0	LAr	38.3398	438.834	4.51656	0	0	862.408	477.447	-175.894	1.73174	-51.4538	-5.2457	7.32689
1941382	1	0	-2212	0	0	LAr	38.9785	433.951	39.3958	0	0	812.962	438.499	-203.333	13.9747	-39.4198	1.41655	4.87247
1941382	1	0	-2212	0	0	LAr	38.9958	393.977	1.08293	0	0	813.45	432.433	-204.789	0.367995	-39.1035	1.58716	4.79336
1941382	1	0	-2212	0	0	LAr	39.5863	392.514	37.1996	0	0	750.775	422.673	-221.952	12.555	-28.2837	7.33902	2.06944
1941382	1	0	-2212	0	0	LAr	40.0466	354.761	31.259	0	0	709.259	396.735	-222.49	9.4974	-20.2706	11.8502	-0.299468
1941382	1	0	-2212	0	0	LAr	40.0626	322.8	0.856735	0	0	709.979	391.221	-222.917	0.319528	-20.0017	12.0007	-0.383842
1941382	1	0	-2212	0	0	LAr	40.2268	321.557	10.9588	0	0	703.06	370.886	-214.156	3.28663	-17.2263	13.53	-1.25523
1941382	1	0	-2212	0	0	LAr	40.7133	309.953	32.9951	0	0	663.994	352.039	-174.335	9.62055	-9.01186	17.8634	-3.75741
1941382	1	0	-2212	0	0	LAr	40.7823	276.457	4.95877	0	0	655.713	347.258	-176.739	1.31369	-7.88126	18.4628	-4.05425
1941382	1	0	-2212	0	0	LAr	40.79	270.917	0.460887	0	0	693.536	303.621	-84.1084	0.144766	-7.75681	18.5287	-4.0878
1941382	1	0	-2212	0	0	LAr	41.2518	270.283	32.2564	0	0	640.844	298.295	-60.5269	8.72986	0.189477	22.0075	-5.05148
1941382	1	0	-2212	0	0	LAr	41.4096	238.027	10.9946	0	0	628.19	283.141	-41.9912	2.85234	2.78698	23.1641	-5.27034
1941382	1	0	-2212	0	0	LAr	41.6136	226.592	15.546	0	0	610.448	258.74	-3.94634	3.62526	6.09743	24.6299	-5.43504
1941382	1	0	-2212	0	0	LAr	41.6385	210.624	1.98337	0	0	604.76	261.108	-6.764	0.430812	6.49407	24.798	-5.4376
1941382	1	0	-2212	0	0	LAr	41.9636	208.162	24.2534	0	0	565.452	243.257	5.0903	5.60074	11.6345	27.0174	-5.49509
1941382	1	0	-2212	0	0	LAr	42.1723	183.909	16.6166	0	0	544.063	213.969	11.4567	3.43322	14.7876	28.3739	-5.46671
1941382	1	0	-2212	0	0	LAr	42.4151	167.292	19.3708	0	0	511.222	195.13	-6.22386	3.85091	18.3697	29.7827	-5.39128
1941382	1	0	-2212	0	0	LAr	42.6214	147.922	17.8842	0	0	476.898	182.983	-3.98617	3.11686	21.2808	30.8938	-5.42672
1941382	1	0	-2212	0	0	LAr	42.7955	130.037	15.8759	0	0	436.088	192.549	3.72108	2.49654	23.611	31.7879	-5.44619
1941382	1	0	-2212	0	0	LAr	42.9423	114.161	13.5917	0	0	402.462	191.975	-2.75301	1.99401	25.4346	32.5931	-5.43063
1941382	1	0	-2212	0	0	LAr	43.0667	100.57	11.9211	0	0	370.054	193.045	-2.24161	1.6013	26.8795	33.2823	-5.44052
1941382	1	0	-2212	0	0	LAr	43.1723	88.6487	11.3115	0	0	337.395	192.628	12.8984	1.28656	28.0199	33.8772	-5.44743
1941382	1	0	-2212	0	0	LAr	43.2607	77.3372	9.57117	0	0	319.138	172.942	0.230646	1.01523	28.9008	34.3801	-5.41375
1941382	1	0	-2212	0	0	LAr	43.3354	67.766	7.77007	0	0	302.638	156.22	13.7922	0.807706	29.6141	34.758	-5.40571
1941382	1	0	-2212	0	0	LAr	43.3993	59.9959	7.36132	0	0	282.523	147.215	7.08878	0.654715	30.1952	35.058	-5.37922
1941382	1	0	-2212	0	0	LAr	43.4536	52.6346	6.20216	0	0	270.181	127.56	4.37161	0.522843	30.6587	35.2995	-5.3676
1941382	1	0	-2212	0	0	LAr	43.4999	46.4324	5.5819	0	0	256.821	111.158	-3.6577	0.421831	31.04	35.4795	-5.36143
1941382	1	0	-2212	0	0	LAr	43.5395	40.8505	4.7847	0	0	240.02	106.544	-4.29764	0.33923	31.3512	35.6142	-5.36586
1941382	1	0	-2212	0	0	LAr	43.5735	36.0658	4.35643	0	0	225.97	97.133	-3.4931	0.275039	31.6024	35.7258	-5.37036
1941382	1	0	-2212	0	0	LAr	43.6027	31.7094	3.90034	0	0	212.628	88.02	0.0641169	0.222136	31.8064	35.8135	-5.37351
1941382	1	0	-2212	0	0	LAr	43.6278	27.8091	3.48209	0	0	198.523	82.5762	3.51175	0.179401	31.9722	35.882	-5.37346
1941382	1	0	-2212	0	0	LAr	43.6495	24.327	3.41506	0	0	183.709	77.0038	-0.900156	0.145042	32.106	35.9377	-5.37109
1941382	1	0	-2212	0	0	LAr	43.6679	20.9119	3.01618	0	0	169.121	72.7928	1.25888	0.114897	32.2119	35.9821	-5.37161
1941382	1	0	-2212	0	0	LAr	43.6753	17.8958	1.10027	0	0	173.804	-4.54875	37.0043	0.0425925	32.2511	35.999	-5.37132
1941382	1	0	-2212	0	0	LAr	43.6901	16.69	2.53828	0	0	158.412	-5.87263	40.3452	0.0825961	32.3318	35.9969	-5.35413
1941382	1	0	-2212	0	0	LAr	43.7029	14.1517	2.38606	0	0	144.851	0.850376	35.1347	0.0658898	32.3956	35.9945	-5.33789
1941382	1	0	-2212	0	0	LAr	43.714	11.7656	2.04967	0	0	131.663	2.96818	31.3515	0.0520913	32.4462	35.9948	-5.32561
1941382	1	0	-2212	0	0	LAr	43.7237	9.71594	2.00486	0	0	117.471	0.944874	27.0048	0.041732	32.4867	35.9957	-5.31595
1941382	1	0	-2212	0	0	LAr	43.7323	7.71108	1.95293	0	0	102.35	1.04244	19.0241	0.0329207	32.5188	35.996	-5.30858
1941382	1	0	-2212	0	0	LAr	43.74	5.75814	1.86595	0	0	83.597	6.00039	17.1627	0.025494	32.5438	35.9962	-5.30393
1941382	1	0	-2212	0	0	LAr	43.747	3.8922	1.92846	0	0	58.9074	6.38909	13.3415	0.0190325	32.5624	35.9975	-5.30012
1941382	1	0	-2212	0	0	LAr	43.7522	1.96374	1.96374	0	0	0	0	0	0.010051	32.5721	35.9986	-5.29791
1941382	1	0	-2212	0	0	LAr	43.7522	0	0	0	0	0	0	0	0	32.5721	35.9986	-5.29791
6778259	1	0	-2212	-1	-12000	Vacuum	0.000225843	608.691	1.81915e-17	0	0	858.108	-850.992	-228.483	0.00538305	-743.44	770.511	174.9
6778259	1	0	-2212	-1	-10003	Plastic	36.6082	559.878	1.61649	0	0	813.338	-810.329	-202.749	0.718506	-146.998	175	26.2677
6778259	1	0	-2212	-1	-11002	Plastic	42.7687	558.259	1.78373	0	0	811.743	-809.094	-200.889	0.719407	-46.6216	75	1.24493
6778259	1	0	-2212	-1	-1	Fe	43.0768	556.476	20.7494	0	0	790.651	-788.433	-213.449	1.43826	-41.6053	70	0.00349065
6778259	1	0	-2212	0	0	LAr	43.0913	535.726	0.895628	0	0	805.938	-792.47	-108.042	0.334303	-41.3728	69.7681	-0.0592789
6778259	1	0	-2212	0	0	LAr	43.2396	534.675	8.76747	0	0	793.001	-787.335	-116.192	3.42663	-38.9406	67.3766	-0.38533
6778259	1	0	-2212	0	0	LAr	43.3059	525.491	4.17457	0	0	793.173	-778.867	-115.057	1.52553	-37.8638	66.3076	-0.543099
6778259	1	0	-2212	0	0	LAr	43.3122	520.957	0.309788	0	0	792.127	-778.337	-112.963	0.146363	-37.7599	66.2055	-0.558167
6778259	1	0	-2212	0	0	LAr	43.4049	519.942	6.43945	0	0	780.557	-775.876	-122.535	2.12746	-36.2503	64.7221	-0.773459
6778259	1	0	-2212	0	0	LAr	43.5892	513.149	10.6599	0	0	771.161	-765.454	-112.148	4.21472	-33.2795	61.7692	-1.23982
6778259	1	0	-2212	0	0	LAr	43.8409	501.707	15.8882	0	0	762.049	-744.582	-104.585	5.72379	-29.2389	57.7584	-1.82745
6778259	1	0	-2212	0	0	LAr	43.8472	485.25	0.490905	0	0	759.734	-745.413	-101.894	0.141563	-29.1381	57.66	-1.84128
6778259	1	0	-2212	0	0	LAr	43.8824	484.252	2.662	0	0	755.477	-743.323	-106.214	0.793583	-28.5742	57.1067	-1.9169
6778259	1	0	-2212	0	0	LAr	44.0118	481.204	8.41871	0	0	755.997	-724.838	-105.469	2.91266	-26.5084	55.0742	-2.20734
6778259	1	0	-2212	0	0	LAr	44.3717	471.834	21.8536	0	0	753.725	-684.987	-87.3583	8.055	-20.7238	49.528	-3.01434
6778259	1	0	-2212	0	0	LAr	44.4224	449.278	2.82065	0	0	753.955	-676.95	-96.4382	1.11849	-19.8991	48.7785	-3.10992
6778259	1	0	-2212	0	0	LAr	44.5722	446.056	8.84689	0	0	748.442	-664.745	-90.4998	3.30216	-17.4532	46.5824	-3.42278
6778259	1	0	-2212	0	0	LAr	44.7081	436.717	9.6516	0	0	736.714	-654.927	-102.979	2.97919	-15.2348	44.6121	-3.69102
6778259	1	0	-2212	0	0	LAr	44.9026	426.512	12.0818	0	0	727.919	-636.963	-108.18	4.23464	-12.0873	41.814	-4.13099
6778259	1	0	-2212	0	0	LAr	45.2589	413.632	22.8304	0	0	708.816	-608.284	-112.417	7.68976	-6.33667	36.7819	-4.98562
6778259	1	0	-2212	0	0	LAr	45.2871	390.42	1.81713	0	0	708.862	-604.12	-105.435	0.598732	-5.88556	36.3948	-5.05716
6778259	1	0	-2212	0	0	LAr	45.2943	387.97	0.431939	0	0	707.693	-602.83	-106.731	0.152471	-5.77026	36.2966	-5.07431
6778259	1	0	-2212	0	0	LAr	45.7897	386.861	31.9678	0	0	679.278	-561.661	-117.854	10.4892	2.16137	29.5402	-6.27053
6778259	1	0	-2212	0	0	LAr	45.7983	354.448	0.475373	0	0	678.937	-560.574	-114.738	0.177475	2.29694	29.4281	-6.29405
6778259	1	0	-2212	0	0	LAr	45.8159	353.517	1.08882	0	0	680.14	-555.019	-113.828	0.363334	2.57476	29.1987	-6.341
6778259	1	0	-2212	0	0	LAr	46.2365	351.669	29.032	0	0	659.414	-508.995	-120.979	8.65429	9.22322	23.7733	-7.45368
6778259	1	0	-2212	0	0	LAr	46.5172	322.241	20.1976	0	0	655.978	-472.205	-68.8729	5.619	13.6246	20.376	-8.26118
6778259	1	0	-2212	0	0	LAr	47.0535	302.044	38.0166	0	0	607.056	-440.273	-53.0176	10.5191	22.129	14.2541	-9.15408
6778259	1	0	-2212	0	0	LAr	47.1293	264.027	5.36291	0	0	596.212	-440.677	-37.207	1.4203	23.2758	13.4223	-9.25424
6778259	1	0	-2212	0	0	LAr	47.2016	258.141	4.70503	0	0	593.43	-430.76	-32.8404	1.3442	24.3554	12.6244	-9.32161
6778259	1	0	-2212	0	0	LAr	47.2971	253.007	6.90889	0	0	583.252	-423.982	-34.4833	1.76438	25.7817	11.589	-9.40054
6778259	1	0	-2212	0	0	LAr	47.6514	245.572	26.4109	0	0	550.766	-393.579	-15.2169	6.47935	31.0156	7.78437	-9.70998
6778259	1	0	-2212	0	0	LAr	47.906	218.808	19.4441	0	0	532.208	-361.364	-5.55504	4.46611	34.6477	5.18883	-9.81033
6778259	1	0	-2212	0	0	LAr	48.2127	199.364	24.259	0	0	486.597	-349.347	20.8106	5.20184	38.9501	2.26757	-9.85524
6778259	1	0	-2212	0	0	LAr	48.4707	175.105	21.8745	0	0	441.793	-339.049	29.7875	4.1647	42.3303	-0.159232	-9.71067
6778259	1	0	-2212	0	0	LAr	48.6869	153.23	18.6664	0	0	407.814	-321.171	34.0524	3.3117	44.9532	-2.17208	-9.53383
6778259	1	0	-2212	0	0	LAr	48.869	134.564	15.664	0	0	381.512	-300.947	33.7235	2.64821	47.0287	-3.80663	-9.36053
6778259	1	0	-2212	0	0	LAr	49.0238	118.9	13.9519	0	0	360	-277.657	35.4957	2.13913	48.7037	-5.12795	-9.21246
6778259	1	0	-2212	0	0	LAr	49.1553	104.948	12.6635	0	0	333.988	-263.929	22.0381	1.72394	50.0643	-6.17734	-9.07831
6778259	1	0	-2212	0	0	LAr	49.2666	92.2844	11.4067	0	0	303.472	-255.77	28.2544	1.3795	51.1449	-7.03128	-9.00701
6778259	1	0	-2212	0	0	LAr	49.3603	80.8777	9.90208	0	0	285.305	-235.871	34.5344	1.09719	51.9816	-7.7364	-8.92911
6778259	1	0	-2212	0	0	LAr	49.4395	70.9756	8.26909	0	0	271.566	-214.397	43.4701	0.874976	52.6528	-8.29136	-8.84786
6778259	1	0	-2212	0	0	LAr	49.5071	62.7065	7.81228	0	0	246.198	-206.462	52.7725	0.70649	53.2029	-8.7256	-8.75981
6778259	1	0	-2212	0	0	LAr	49.5643	54.8942	6.41025	0	0	233.283	-188.542	57.9991	0.561956	53.6276	-9.08183	-8.66876
6778259	1	0	-2212	0	0	LAr	49.6132	48.484	5.88519	0	0	219.647	-175.42	52.312	0.454196	53.9744	-9.36206	-8.58256
6778259	1	0	-2212	0	0	LAr	49.6549	42.5988	5.29732	0	0	206.422	-160.79	54.0889	0.364226	54.2541	-9.58545	-8.51594
6778259	1	0	-2212	0	0	LAr	49.6903	37.3015	4.7641	0	0	188.644	-155.26	49.2358	0.291014	54.4789	-9.76053	-8.45704
6778259	1	0	-2212	0	0	LAr	49.7204	32.5374	4.29128	0	0	173.963	-148.66	37.9469	0.231776	54.6542	-9.90487	-8.41127
6778259	1	0	-2212	0	0	LAr	49.746	28.2461	3.76698	0	0	164.417	-136.546	29.284	0.183968	54.7922	-10.0227	-8.38118
6778259	1	0	-2212	0	0	LAr	49.7678	24.4791	3.35873	0	0	155.246	-123.431	27.2557	0.146467	54.9038	-10.1154	-8.36131
6778259	1	0	-2212	0	0	LAr	49.7864	21.1204	2.97572	0	0	141.286	-117.884	22.8029	0.116635	54.9942	-10.1873	-8.34543
6778259	1	0	-2212	0	0	LAr	49.8024	18.1447	2.71784	0	0	128.26	-111.611	16.7191	0.0930972	55.0651	-10.2465	-8.33399
6778259	1	0	-2212	0	0	LAr	49.8162	15.4268	2.43779	0	0	118.807	-101.127	14.1869	0.0740235	55.1206	-10.2948	-8.32675
6778259	1	0	-2212	0	0	LAr	49.8281	12.989	2.23946	0	0	112.754	-86.2695	11.4797	0.0589335	55.1653	-10.3328	-8.32141
6778259	1	0	-2212	0	0	LAr	49.8385	10.7496	2.06908	0	0	98.278	-81.5782	7.1478	0.0467835	55.2023	-10.3612	-8.31764
6778259	1	0	-2212	0	0	LAr	49.8476	8.68049	1.78698	0	0	83.6855	-77.3212	1.28884	0.0370209	55.2308	-10.3848	-8.31558
6778259	1	0	-2212	0	0	LAr	49.8559	6.8935	1.83762	0	0	78.195	-58.2943	0.683303	0.029685	55.2525	-10.4049	-8.31524
6778259	1	0	-2212	0	0	LAr	49.8633	5.05589	1.9115	0	0	57.497	-50.9139	-3.51494	0.02304	55.271	-10.4187	-8.31508
6778259	1	0	-2212	0	0	LAr	49.8699	3.14439	2.07079	0	0	29.7051	-33.3163	-4.84335	0.016243	55.2831	-10.4294	-8.31582
6778259	1	0	-2212	0	0	LAr	49.8729	1.07361	1.07361	0	0	0	-0	-0	0.0043381	55.286	-10.4326	-8.31629
6778259	1	0	-2212	0	0	LAr	49.8729	0	0	0	0	0	-0	-0	0	55.286	-10.4326	-8.31629
9613553	1	0	-2212	-1	-12000	Vacuum	0.00023477	637.41	1.87853e-17	0	0	16.6561	1245.8	-223.875	0.00565436	-72.9204	-930.511	174.9
9613553	1	0	-2212	-1	-10002	Plastic	32.4965	589.152	1.35786	0	0	14.2867	1182.52	-223.551	0.508924	-64.0009	-175	31.915
9613553	1	0	-2212	-1	-11003	Plastic	36.8012	587.794	1.12493	0	0	13.6191	1180.91	-224.4	0.508892	-62.7928	-75	13.0103
9613553	1	0	-2212	-1	-1	Fe	37.3015	586.669	14.593	0	0	8.24895	1165.07	-208.164	1.05493	-62.6588	-63.3844	10.8031
9613553	1	0	-2212	-1	-1	Fe	37.4959	572.076	65.8613	0	0	-24.5035	1073.06	-232.676	4.56746	-62.627	-58.8896	10
9613553	1	0	-2212	0	0	LAr	37.4999	506.215	0.259652	0	0	-26.6402	1071.64	-234.63	0.090576	-62.629	-58.8012	9.98065
9613553	1	0	-2212	0	0	LAr	37.6112	505.516	6.55082	0	0	-25.0453	1062.21	-234.07	2.53613	-62.6906	-56.3245	9.43839
9613553	1	0	-2212	0	0	LAr	37.6269	498.411	1.08056	0	0	-27.4326	1059.67	-235.231	0.357063	-62.6988	-55.9759	9.36158
9613553	1	0	-2212	0	0	LAr	37.6615	496.772	1.94539	0	0	-25.3311	1055.89	-234.052	0.785018	-62.7187	-55.2098	9.19151
9613553	1	0	-2212	0	0	LAr	37.701	493.745	2.4248	0	0	-17.01	1052.55	-232.59	0.893786	-62.7396	-54.3374	8.99814
9613553	1	0	-2212	0	0	LAr	37.7861	490.928	4.609	0	0	-2.27184	1045.92	-232.568	1.9249	-62.77	-52.4581	8.58286
9613553	1	0	-2212	0	0	LAr	37.9258	485.946	9.10118	0	0	-9.20626	1035.17	-221.336	3.15042	-62.7766	-49.3829	7.89906
9613553	1	0	-2212	0	0	LAr	37.9775	476.298	3.30594	0	0	-11.5398	1031.29	-214.48	1.16112	-62.7867	-48.2475	7.65629
9613553	1	0	-2212	0	0	LAr	38.0977	472.417	8.05607	0	0	3.22076	1037.43	-100.915	2.69164	-62.8162	-45.6125	7.10828
9613553	1	0	-2212	0	0	LAr	38.2557	464.156	9.87447	0	0	7.74346	1023.38	-99.4954	3.51971	-62.8053	-42.1094	6.76752
9613553	1	0	-2212	0	0	LAr	38.2919	453.71	1.98645	0	0	5.52468	1019.73	-102.654	0.802459	-62.7993	-41.3108	6.68987
9613553	1	0	-2212	0	0	LAr	38.4363	451.25	9.27205	0	0	-3.50183	1007.17	-94.8522	3.19326	-62.7821	-38.1337	6.37004
9613553	1	0	-2212	0	0	LAr	38.5606	441.495	7.65289	0	0	6.46891	995.629	-93.2328	2.7316	-62.7915	-35.4142	6.11393
9613553	1	0	-2212	0	0	LAr	38.5913	432.992	1.95677	0	0	2.18453	991.837	-95.6373	0.6709	-62.7872	-34.7463	6.05138
9613553	1	0	-2212	0	0	LAr	38.6006	430.394	0.594721	0	0	5.09603	989.859	-97.6797	0.20203	-62.7868	-34.5452	6.03199
9613553	1	0	-2212	0	0	LAr	38.6944	429.113	5.57107	0	0	11.6407	981.775	-94.0223	2.04671	-62.7763	-32.5084	5.83101
9613553	1	0	-2212	0	0	LAr	38.939	423.055	15.4406	0	0	72.5792	961.618	-32.8486	5.31329	-62.7136	-27.22	5.32455
9613553	1	0	-2212	0	0	LAr	39.2739	407.615	21.6804	0	0	68.7137	930.287	-29.1713	7.19825	-62.1722	-20.047	5.07952
9613553	1	0	-2212	0	0	LAr	39.3822	385.118	6.60223	0	0	65.7555	919.818	-42.6168	2.29049	-62.0035	-17.7639	5.00793
9613553	1	0	-2212	0	0	LAr	39.3904	377.995	0.439136	0	0	63.4512	918.755	-43.0709	0.171801	-61.9913	-17.5928	5
9613553	1	0	-2212	0	0	LAr	39.7697	377.154	24.1192	0	0	44.7865	884.478	-40.5907	7.97162	-61.4427	-9.64972	4.62763
9613553	1	0	-2212	0	0	LAr	39.7894	352.584	1.09665	0	0	40.589	882.339	-40.2679	0.404408	-61.4223	-9.24625	4.60911
9613553	1	0	-2212	0	0	LAr	40.028	350.97	14.9713	0	0	54.595	859.706	-17.6401	4.90694	-61.1971	-4.34997	4.38566
9613553	1	0	-2212	0	0	LAr	40.2236	335.597	13.3507	0	0	55.9729	839.205	-14.7105	3.96696	-60.9457	-0.392094	4.30445
9613553	1	0	-2212	0	0	LAr	40.5018	321.874	19.1817	0	0	39.6697	810.268	-23.7642	5.56778	-60.5753	5.1619	4.20709
9613553	1	0	-2212	0	0	LAr	40.713	302.303	14.3127	0	0	23.5446	787.228	-41.3524	4.14136	-60.3729	9.29617	4.08584
9613553	1	0	-2212	0	0	LAr	40.7487	287.431	2.71505	0	0	21.2386	782.499	-40.4553	0.689339	-60.3523	9.98424	4.0497
9613553	1	0	-2212	0	0	LAr	40.8582	284.327	6.91234	0	0	43.7642	770.645	-11.9082	2.1044	-60.2471	12.085	3.99513
9613553	1	0	-2212	0	0	LAr	41.335	276.761	32.7324	0	0	26.0315	718.118	-33.317	9.0851	-59.7322	21.1523	3.85502
9613553	1	0	-2212	0	0	LAr	41.4618	244.029	9.20282	0	0	49.2342	700.678	-38.82	2.31292	-59.6353	23.4575	3.696
9613553	1	0	-2212	0	0	LAr	41.8432	234.432	27.9306	0	0	53.7165	651.751	-49.8647	6.85963	-59.1554	30.2882	3.31756
9613553	1	0	-2212	0	0	LAr	41.8776	206.501	2.65865	0	0	43.7277	647.365	-47.3413	0.590964	-59.107	30.8754	3.27263
9613553	1	0	-2212	0	0	LAr	41.8895	203.476	0.766698	0	0	40.7125	645.568	-47.0931	0.203069	-59.0933	31.0775	3.25785
9613553	1	0	-2212	0	0	LAr	41.939	202.337	4.07201	0	0	41.6072	637.494	-47.7039	0.843991	-59.0403	31.9176	3.19657
9613553	1	0	-2212	0	0	LAr	41.9877	197.844	3.30234	0	0	38.8613	631.201	-45.7449	0.823791	-58.9868	32.7373	3.13523
9613553	1	0	-2212	0	0	LAr	42.2838	194.146	23.8039	0	0	54.3282	585.132	-57.7963	4.97093	-58.6822	37.6847	2.77667
9613553	1	0	-2212	0	0	LAr	42.3281	170.343	3.68957	0	0	53.0532	571.142	-107.178	0.707547	-58.6171	38.3858	2.70742
9613553	1	0	-2212	0	0	LAr	42.5697	166.653	19.9162	0	0	51.0787	533.155	-100.131	3.82567	-58.2694	42.1294	2.00492
9613553	1	0	-2212	0	0	LAr	42.7738	146.737	17.1503	0	0	55.0705	499.879	-83.9944	3.07403	-57.9813	45.1365	1.44015
9613553	1	0	-2212	0	0	LAr	42.9471	129.586	15.9545	0	0	67.4665	463.577	-81.8045	2.48163	-57.7133	47.5689	1.03144
9613553	1	0	-2212	0	0	LAr	43.093	113.632	13.9443	0	0	65.6847	434.223	-64.3547	1.97805	-57.4328	49.4967	0.69126
9613553	1	0	-2212	0	0	LAr	43.216	99.6876	11.4302	0	0	61.8303	406.144	-68.0634	1.57704	-57.1995	51.0391	0.462662
9613553	1	0	-2212	0	0	LAr	43.321	88.2574	10.2129	0	0	69.6511	379.724	-59.1865	1.27672	-57.0099	52.284	0.254039
9613553	1	0	-2212	0	0	LAr	43.4105	78.0445	9.3289	0	0	76.3806	350.525	-70.4857	1.03138	-56.8261	53.2865	0.0977861
9613553	1	0	-2212	0	0	LAr	43.4865	68.7156	8.04096	0	0	67.651	332.694	-47.7293	0.827362	-56.6533	54.0795	-0.061679
9613553	1	0	-2212	0	0	LAr	43.5513	60.6746	7.54637	0	0	62.3546	311.158	-42.5794	0.667518	-56.5216	54.7271	-0.154584
9613553	1	0	-2212	0	0	LAr	43.6062	53.1283	6.43965	0	0	60.4444	290.843	-39.3704	0.531284	-56.4181	55.2433	-0.225216
9613553	1	0	-2212	0	0	LAr	43.6529	46.6886	5.68588	0	0	53.0311	273.031	-35.5868	0.425815	-56.3323	55.6564	-0.281147
9613553	1	0	-2212	0	0	LAr	43.6926	41.0027	4.96529	0	0	47.775	256.775	-26.6189	0.341373	-56.2677	55.9887	-0.32446
9613553	1	0	-2212	0	0	LAr	43.7266	36.0374	4.45945	0	0	44.822	240.026	-25.1677	0.274676	-56.2178	56.2573	-0.352301
9613553	1	0	-2212	0	0	LAr	43.7557	31.578	3.83781	0	0	50.5908	223.699	-14.9786	0.220625	-56.1775	56.473	-0.374915
9613553	1	0	-2212	0	0	LAr	43.7807	27.7402	3.27221	0	0	48.9395	209.715	-11.7726	0.178686	-56.1382	56.6468	-0.386557
9613553	1	0	-2212	0	0	LAr	43.8025	24.468	3.37376	0	0	46.8616	194.43	-5.48473	0.146362	-56.105	56.7891	-0.394543
9613553	1	0	-2212	0	0	LAr	43.8211	21.0942	2.99278	0	0	45.248	179.545	-3.4447	0.116416	-56.0777	56.9022	-0.397734
9613553	1	0	-2212	0	0	LAr	43.8371	18.1014	2.45651	0	0	38.6791	167.586	-4.6896	0.0927755	-56.055	56.9921	-0.399459
9613553	1	0	-2212	0	0	LAr	43.851	15.6449	2.43869	0	0	30.8761	154.883	-3.80211	0.0754673	-56.0381	57.0656	-0.401515
9613553	1	0	-2212	0	0	LAr	43.8631	13.2062	2.26724	0	0	30.1823	140.419	-4.3375	0.0601995	-56.0263	57.1246	-0.402963
9613553	1	0	-2212	0	0	LAr	43.8736	10.939	2.00651	0	0	28.0552	126.7	1.39929	0.0477473	-56.0163	57.1712	-0.404404
9613553	1	0	-2212	0	0	LAr	43.8829	8.93249	2.0539	0	0	21.2636	111.733	4.3448	0.0381356	-56.0081	57.2084	-0.403993
9613553	1	0	-2212	0	0	LAr	43.8911	6.87859	1.82417	0	0	17.0206	95.9967	2.30631	0.0296278	-56.0025	57.2375	-0.402863
9613553	1	0	-2212	0	0	LAr	43.8986	5.05442	1.90202	0	0	10.0842	76.1468	-5.0518	0.023035	-55.9985	57.2602	-0.402319
9613553	1	0	-2212	0	0	LAr	43.9052	3.1524	2.07098	0	0	6.11348	44.5891	-2.22301	0.0162752	-55.9964	57.2762	-0.403385
9613553	1	0	-2212	0	0	LAr	43.9082	1.08142	1.08142	0	0	0	0	-0	0.00437937	-55.9958	57.2806	-0.4036
9613553	1	0	-2212	0	0	LAr	43.9082	0	0	0	0	0	0	-0	0	-55.9958	57.2806	-0.4036
9753428	1	0	-2212	-1	-12000	Vacuum	0.000162404	600.587	1.31079e-17	0	0	-735.816	-920.005	-316.069	0.00385906	558.554	709.551	174.9
9753428	1	0	-2212	-1	-10003	Plastic	30.2074	557.737	1.46202	0	0	-725.649	-881.152	-224.323	0.659883	118.222	175	40.3578
9753428	1	0	-2212	-1	-11002	Plastic	35.8651	556.274	1.8176	0	0	-722.304	-879.867	-228.026	0.660114	35.8701	75	14.8998
9753428	1	0	-2212	-1	-1	Fe	36.8643	554.457	53.5329	0	0	-593.176	-891.598	-210.063	3.44316	21.3753	57.3431	10.3237
9753428	1	0	-2212	-1	-1	Fe	36.9383	500.924	26.8383	0	0	-600.239	-845.308	-198.914	1.68199	20.4612	55.969	10
9753428	1	0	-2212	0	0	LAr	37.0904	474.086	8.90143	0	0	-597.849	-833.77	-188.814	3.41017	18.5222	53.2384	9.35745
9753428	1	0	-2212	0	0	LAr	37.1672	464.797	4.99665	0	0	-594.676	-826.135	-190.238	1.70992	17.5423	51.8718	9.04797
9753428	1	0	-2212	0	0	LAr	37.2131	459.113	2.83164	0	0	-598.205	-820.826	-176.889	1.02069	16.9561	51.0575	8.86046
9753428	1	0	-2212	0	0	LAr	37.4281	455.733	13.529	0	0	-592.52	-803.605	-165.692	4.76792	14.1897	47.2616	8.04244
9753428	1	0	-2212	0	0	LAr	37.5892	441.825	9.38605	0	0	-587.599	-788.961	-172.158	3.54072	12.1169	44.4504	7.4628
9753428	1	0	-2212	0	0	LAr	37.6985	432.029	6.48278	0	0	-584.443	-780.493	-164.037	2.38764	10.7121	42.5642	7.05121
9753428	1	0	-2212	0	0	LAr	37.7032	424.815	0.438318	0	0	-586.351	-778.142	-164.756	0.102207	10.6517	42.4835	7.03426
9753428	1	0	-2212	0	0	LAr	37.7898	424.376	5.40426	0	0	-633.308	-743.455	-87.331	1.88374	9.53398	41.0002	6.72019
9753428	1	0	-2212	0	0	LAr	38.2963	418.852	30.9979	0	0	-619.005	-698.755	-76.3024	10.9728	2.44779	32.6815	5.74302
9753428	1	0	-2212	0	0	LAr	38.4095	387.474	7.697	0	0	-610.975	-690.37	-74.8212	2.39765	0.863242	30.8928	5.5477
9753428	1	0	-2212	0	0	LAr	38.7412	379.246	20.5363	0	0	-569.309	-684.856	-86.4679	6.98177	-3.74819	25.6821	4.98298
9753428	1	0	-2212	0	0	LAr	38.7692	358.251	1.95285	0	0	-566.697	-682.141	-82.3669	0.578317	-4.11614	25.2395	4.92709
9753428	1	0	-2212	0	0	LAr	38.8791	355.405	7.47091	0	0	-554.236	-675.847	-95.0627	2.2694	-5.56006	23.5014	4.71723
9753428	1	0	-2212	0	0	LAr	39.084	347.55	14.4768	0	0	-549.722	-648.559	-105.722	4.20072	-8.20797	20.2725	4.26305
9753428	1	0	-2212	0	0	LAr	39.0845	332.301	0.0222433	0	0	-548.589	-648.148	-106.426	0.0101349	-8.21447	20.2649	4.2618
9753428	1	0	-2212	0	0	LAr	39.3892	331.66	20.6853	0	0	-525.407	-625.976	-102.568	6.15625	-12.1604	15.6028	3.4963
9753428	1	0	-2212	0	0	LAr	39.5766	310.237	13.2735	0	0	-514.188	-607.698	-102.843	3.70691	-14.5248	12.7858	3.03472
9753428	1	0	-2212	0	0	LAr	39.7639	296.482	13.4089	0	0	-506.328	-590.862	-76.446	3.64928	-16.8624	10.0231	2.56719
9753428	1	0	-2212	0	0	LAr	39.7789	283.073	1.23435	0	0	-504.812	-589.382	-71.9855	0.287449	-17.0485	9.80591	2.53908
9753428	1	0	-2212	0	0	LAr	39.9556	281.459	12.7084	0	0	-480.329	-582.157	-76.9535	3.3856	-19.2413	7.24577	2.22639
9753428	1	0	-2212	0	0	LAr	39.9728	268.334	1.1095	0	0	-480.232	-578.193	-83.8999	0.323683	-19.4463	6.99739	2.19356
9753428	1	0	-2212	0	0	LAr	39.9962	266.852	1.46332	0	0	-480.653	-573.422	-87.7908	0.441335	-19.7265	6.65999	2.1446
9753428	1	0	-2212	0	0	LAr	40.3995	265.016	29.3738	0	0	-433.411	-544.926	-109.984	7.57149	-24.4991	0.887906	1.05085
9753428	1	0	-2212	0	0	LAr	40.7827	235.287	30.2258	0	0	-406.742	-496.104	-123.684	6.90226	-28.742	-4.44662	-0.0258289
9753428	1	0	-2212	0	0	LAr	41.1013	205.061	26.0198	0	0	-372.933	-466.457	-106.648	5.4588	-32.1396	-8.59067	-1.05899
9753428	1	0	-2212	0	0	LAr	41.3671	179.041	21.2347	0	0	-361.493	-423.363	-105.456	4.32661	-34.7986	-11.9166	-1.8194
9753428	1	0	-2212	0	0	LAr	41.5918	157.807	18.4192	0	0	-331.234	-404.753	-86.343	3.48352	-37.0206	-14.5188	-2.4676
9753428	1	0	-2212	0	0	LAr	41.7825	139.388	16.1415	0	0	-310.051	-379.452	-79.6913	2.81385	-38.7784	-16.6668	-2.92582
9753428	1	0	-2212	0	0	LAr	41.9448	123.246	14.3367	0	0	-295.385	-355.344	-52.0799	2.27591	-40.1995	-18.4059	-3.29106
9753428	1	0	-2212	0	0	LAr	42.0829	108.909	12.646	0	0	-275.954	-334.094	-46.2522	1.83808	-41.3667	-19.8101	-3.49686
9753428	1	0	-2212	0	0	LAr	42.2004	96.2633	11.5922	0	0	-256.706	-315.121	-29.31	1.48431	-42.3064	-20.9478	-3.65436
9753428	1	0	-2212	0	0	LAr	42.2286	84.6711	2.86827	0	0	-229.934	-326.627	-25.3663	0.33672	-42.5185	-21.2082	-3.67858
9753428	1	0	-2212	0	0	LAr	42.3237	81.8028	9.97766	0	0	-206.22	-311.556	-18.65	1.11905	-43.1612	-22.1211	-3.74948
9753428	1	0	-2212	0	0	LAr	42.4041	71.8251	8.86132	0	0	-197.379	-287.599	-21.1441	0.893175	-43.6535	-22.8648	-3.794
9753428	1	0	-2212	0	0	LAr	42.4721	62.9638	8.22824	0	0	-181.184	-269.352	-18.2111	0.711494	-44.0552	-23.4502	-3.83704
9753428	1	0	-2212	0	0	LAr	42.529	54.7356	6.71373	0	0	-172.572	-249.588	-18.5941	0.55917	-44.3668	-23.9133	-3.86835
9753428	1	0	-2212	0	0	LAr	42.5774	48.0218	6.00617	0	0	-157.452	-235.694	-16.3294	0.446813	-44.6203	-24.2801	-3.89567
9753428	1	0	-2212	0	0	LAr	42.6183	42.0157	5.10904	0	0	-149.792	-218.847	-16.9471	0.355798	-44.8176	-24.5753	-3.91613
9753428	1	0	-2212	0	0	LAr	42.6533	36.9066	4.42443	0	0	-142.212	-203.057	-23.5175	0.285863	-44.9787	-24.8107	-3.93435
9753428	1	0	-2212	0	0	LAr	42.6834	32.4822	4.04684	0	0	-133.664	-189.084	-23.4462	0.231127	-45.1106	-24.9991	-3.95617
9753428	1	0	-2212	0	0	LAr	42.7091	28.4354	3.88175	0	0	-122.745	-176.985	-16.9909	0.185963	-45.2174	-25.1501	-3.9749
9753428	1	0	-2212	0	0	LAr	42.731	24.5536	3.17169	0	0	-115.21	-165	-9.11398	0.147167	-45.301	-25.2707	-3.98647
9753428	1	0	-2212	0	0	LAr	42.7499	21.3819	3.01963	0	0	-109.657	-150.866	-3.10786	0.118835	-45.3689	-25.368	-3.99185
9753428	1	0	-2212	0	0	LAr	42.7661	18.3623	2.57486	0	0	-98.4724	-142.038	1.85993	0.0947254	-45.4246	-25.4445	-3.99342
9753428	1	0	-2212	0	0	LAr	42.7801	15.7874	2.33739	0	0	-92.5226	-129.738	-5.31129	0.0764188	-45.4681	-25.5073	-3.9926
9753428	1	0	-2212	0	0	LAr	42.7924	13.45	2.24023	0	0	-83.3005	-119.18	-4.28877	0.061639	-45.5039	-25.5575	-3.99465
9753428	1	0	-2212	0	0	LAr	42.8031	11.2098	1.8729	0	0	-77.6342	-107.102	-10.5054	0.0491456	-45.532	-25.5977	-3.9961
9753428	1	0	-2212	0	0	LAr	42.8126	9.33691	2.01447	0	0	-82.0019	-83.923	-5.20675	0.0399672	-45.5586	-25.6273	-3.9993
9753428	1	0	-2212	0	0	LAr	42.821	7.32244	1.89522	0	0	-68.096	-74.5925	-3.57236	0.0313581	-45.5805	-25.6497	-4.00069
9753428	1	0	-2212	0	0	LAr	42.8286	5.42722	1.92893	0	0	-49.0165	-64.5976	-1.20617	0.0243275	-45.5969	-25.6676	-4.00155
9753428	1	0	-2212	0	0	LAr	42.8354	3.49829	1.97408	0	0	-31.433	-43.2724	-1.42636	0.0176087	-45.6075	-25.6816	-4.00181
9753428	1	0	-2212	0	0	LAr	42.8395	1.52421	1.52421	0	0	-0	-0	0	0.00698158	-45.6116	-25.6873	-4.00199
9753428	1	0	-2212	0	0	LAr	42.8395	0	0	0	0	-0	-0	0	0	-45.6116	-25.6873	-4.00199
