4836523	1	0	-2212	-1	-12000	Vacuum	0.000172883	661.014	1.37651e-17	0	0	-1236.83	-228.892	-308.57	0.0041972	667.946	187.872	174.9
4836523	1	0	-2212	-1	-10005	Plastic	21.5168	624.86	0.843681	0	0	-1191.81	-229.834	-291.29	0.387556	175.13	92.7401	54.8977
4836523	1	0	-2212	-1	-10005	Plastic	21.5225	623.277	0.310084	0	0	-1191.51	-229.434	-291.167	0.13605	175	92.7151	54.866
4836523	1	0	-2212	-1	-11000	Plastic	28.6081	622.967	5.40198	0	0	-1185.17	-229.898	-287.756	2.14281	12.8839	61.4984	15.25
4836523	1	0	-2212	-1	-1	Fe	29.4812	617.565	35.2563	0	0	-1163.86	-196.039	-196.978	2.54921	-7.05435	57.6308	10.409
4836523	1	0	-2212	-1	-1	Fe	29.5056	582.308	7.87424	0	0	-1178.85	-131.224	-6.24819	0.575121	-7.61373	57.5366	10.3144
4836523	1	0	-2212	-1	-1	Fe	29.7292	574.109	77.1323	0	0	-1081.36	-99.6659	17.6247	5.25848	-12.8381	56.955	10.2867
4836523	1	0	-2212	-1	-1	Fe	29.9151	496.977	66.3541	0	0	-995.38	-50.6793	12.952	4.21896	-17.0372	56.568	10.3551
4836523	1	0	-2212	-1	-1	Fe	30.0697	430.622	56.3909	0	0	-917.27	-26.2616	15.4029	3.37731	-20.4087	56.3963	10.399
4836523	1	0	-2212	-1	-1	Fe	30.1456	374.232	29.737	0	0	-871.026	-65.886	-45.9166	1.59138	-21.9989	56.3508	10.4257
4836523	1	0	-2212	-1	-1	Fe	30.2616	344.495	46.9617	0	0	-802.541	-19.0726	-49.2319	2.37209	-24.3601	56.1722	10.3012
4836523	1	0	-2212	-1	-1	Fe	30.3576	297.533	37.3899	0	0	-743.589	-29.0403	-45.5584	1.87302	-26.2284	56.1278	10.1866
4836523	1	0	-2212	-1	-1	Fe	30.4382	260.143	34.7044	0	0	-684.6	-32.2975	-64.4058	1.50475	-27.7286	56.0692	10.0947
4836523	1	0	-2212	-1	-1	Fe	30.4953	225.439	23.3275	0	0	-642.321	-34.924	-79.521	1.0122	-28.7349	56.0217	10
4836523	1	0	-2212	0	0	LAr	30.8077	202.111	24.497	0	0	-595.185	-52.6445	-88.4879	5.32513	-34.0108	55.7349	9.34684
4836523	1	0	-2212	0	0	LAr	30.9436	177.614	11.1747	0	0	-573.368	-45.5419	-95.9595	2.2054	-36.1836	55.5427	9.02379
4836523	1	0	-2212	0	0	LAr	31.1848	166.439	19.2758	0	0	-538.941	-15.4071	-84.3859	3.81725	-39.9361	55.2446	8.39577
4836523	1	0	-2212	0	0	LAr	31.3897	147.163	17.1386	0	0	-506.893	-13.133	-61.5705	3.08943	-42.9864	55.1574	7.91817
4836523	1	0	-2212	0	0	LAr	31.5638	130.025	15.6308	0	0	-473.587	9.13679	-58.1646	2.49613	-45.4628	55.0933	7.61736
4836523	1	0	-2212	0	0	LAr	31.711	114.394	13.1486	0	0	-444.007	15.8596	-53.3752	2.00104	-47.4481	55.1316	7.37354
4836523	1	0	-2212	0	0	LAr	31.8365	101.246	12.328	0	0	-413.522	26.6985	-55.236	1.61999	-49.0551	55.189	7.18036
4836523	1	0	-2212	0	0	LAr	31.9425	88.9175	10.7651	0	0	-386.939	33.1024	-44.1169	1.29334	-50.3341	55.2715	7.00952
4836523	1	0	-2212	0	0	LAr	32.0321	78.1524	9.79291	0	0	-360.025	44.4197	-36.8996	1.03386	-51.3573	55.3591	6.89285
4836523	1	0	-2212	0	0	LAr	32.1076	68.3595	8.37146	0	0	-336.591	36.0718	-39.6724	0.819967	-52.1667	55.4589	6.80989
4836523	1	0	-2212	0	0	LAr	32.1715	59.988	7.27869	0	0	-316.085	28.7242	-30.905	0.654567	-52.813	55.5282	6.73372
4836523	1	0	-2212	0	0	LAr	32.2259	52.7094	6.69279	0	0	-294.249	34.0121	-27.0208	0.524118	-53.3323	55.5754	6.68294
4836523	1	0	-2212	0	0	LAr	32.2717	46.0166	5.88304	0	0	-272.928	40.1033	-28.7255	0.4154	-53.7432	55.6229	6.64522
4836523	1	0	-2212	0	0	LAr	32.3104	40.1335	4.99827	0	0	-254.45	37.3316	-32.0754	0.329214	-54.067	55.6705	6.61113
4836523	1	0	-2212	0	0	LAr	32.3434	35.1353	4.54168	0	0	-238.696	29.215	-22.735	0.263288	-54.3258	55.7081	6.58118
4836523	1	0	-2212	0	0	LAr	32.3714	30.5936	4.00939	0	0	-220.742	33.693	-27.0372	0.209458	-54.5327	55.7335	6.56147
4836523	1	0	-2212	0	0	LAr	32.3953	26.5842	3.63774	0	0	-206.276	23.102	-22.4279	0.166901	-54.6964	55.7585	6.54141
4836523	1	0	-2212	0	0	LAr	32.4156	22.9464	3.11607	0	0	-191.398	16.764	-26.2989	0.132428	-54.8272	55.7731	6.52719
4836523	1	0	-2212	0	0	LAr	32.4331	19.8304	2.90681	0	0	-177.631	15.0441	-16.2822	0.106095	-54.9319	55.7823	6.51281
4836523	1	0	-2212	0	0	LAr	32.4481	16.9236	2.53048	0	0	-162.394	22.9861	-17.783	0.0842373	-55.0155	55.7894	6.50515
4836523	1	0	-2212	0	0	LAr	32.4611	14.3931	2.32947	0	0	-147.738	24.2647	-19.1892	0.0673892	-55.0818	55.7987	6.49789
4836523	1	0	-2212	0	0	LAr	32.4723	12.0636	2.16333	0	0	-133.606	19.0137	-21.5456	0.0537125	-55.1343	55.8074	6.49106
4836523	1	0	-2212	0	0	LAr	32.4822	9.90027	2.04029	0	0	-117.724	22.2515	-21.3835	0.0426073	-55.176	55.8133	6.48435
4836523	1	0	-2212	0	0	LAr	32.4909	7.85998	1.91503	0	0	-103.675	15.9679	-13.7014	0.0335314	-55.2085	55.8192	6.47882
4836523	1	0	-2212	0	0	LAr	32.4987	5.94495	1.75005	0	0	-85.8526	16.8583	-15.3184	0.0261621	-55.2341	55.8232	6.47544
4836523	1	0	-2212	0	0	LAr	32.5058	4.1949	1.95439	0	0	-63.135	13.952	-5.36246	0.0200878	-55.2535	55.827	6.47198
4836523	1	0	-2212	0	0	LAr	32.5115	2.24051	2.24051	0	0	-0	0	-0	0.0118997	-55.265	55.8295	6.471
4836523	1	0	-2212	0	0	LAr	32.5115	0	0	0	0	-0	0	-0	0	-55.265	55.8295	6.471
