9.5828
18.595
16.357
10.717
10.772
9.2946
29.625
8.6575
16.302
8.4273
18.174
15.812
10.015
8.8802
9.5161
8.2498
10.399
9.6091
11.567
14.874
12.730
9.7031
8.5425
8.6940
21.372
11.046
9.0524
12.291
9.9124
10.002
10.464
8.8063
11.975
11.656
13.326
9.1948
10.201
18.721
9.4458
11.769
18.697
10.420
8.2548
10.318
9.9621
9.4319
8.3978
8.2363
23.973
9.1747
11.730
22.381
8.8971
8.4910
9.8618
15.735
48.205
9.2709
10.611
19.263
15.709
8.4697
13.121
10.190
10.200
8.9892
8.7759
10.991
9.6537
9.3109
13.021
16.767
11.404
11.869
38.319
14.962
13.294
8.8592
14.240
9.7354
9.2915
10.372
10.608
10.401
9.1555
9.3798
15.756
9.2773
12.424
10.625
13.327
8.9953
11.841
13.393
19.999
8.7034
9.6368
10.047
12.239
11.522
15.433
17.259
8.4882
14.358
9.1405
27.619
11.891
12.065
8.5278
12.874
8.8772
8.7867
8.2062
8.2531
8.5827
9.4969
8.8317
32.357
14.290
11.756
9.2395
10.839
16.436
8.3193
9.0785
12.632
12.205
23.888
8.8399
8.3925
9.4451
8.3130
14.760
8.8984
12.741
10.837
9.0150
9.8672
24.989
11.278
9.3729
8.3032
11.262
9.5011
10.129
11.236
8.4905
10.98
12.284
10.419
22.372
8.5932
12.072
8.4154
9.4124
21.703
11.976
8.7470
15.853
12.773
9.9631
47.467
10.304
8.8291
11.210
10.222
11.810
34.990
14.703
8.4305
19.037
9.0220
9.9519
13.007
9.7472
9.4867
11.514
8.9599
11.477
12.676
8.6018
10.398
8.8132
11.919
23.552
22.963
10.390
8.7021
8.7428
13.956
11.768
11.388
10.675
10.276
10.815
22.774
8.1958
8.6935
8.8418
9.6036
12.413
9.6632
15.575
14.044
8.9695
9.4287
12.488
13.410
10.667
28.337
12.000
10.990
8.5060
8.5683
8.5555
11.329
31.187
9.5042
9.7812
20.915
11.989
10.209
10.205
12.791
13.097
12.435
12.647
9.6507
17.825
11.596
10.263
18.777
8.2217
8.8636
8.8251
11.533
9.4971
8.4699
20.792
10.910
13.196
8.5202
14.377
10.884
22.534
9.7255
11.578
9.3282
10.234
8.5408
35.437
13.039
19.774
11.809
12.389
9.3024
9.6253
8.3158
14.588
8.9244
8.9239
8.3136
13.117
11.577
10.392
12.128
15.998
24.137
8.6637
10.328
9.5389
9.2409
10.131
10.263
13.422
8.2110
8.608
9.0917
10.424
9.7282
13.124
8.6186
12.603
9.0035
13.306
13.049
19.429
9.7936
8.6994
8.3638
9.3823
9.2956
12.175
9.3447
9.2270
11.137
9.3042
13.418
8.1940
8.3030
8.4865
10.458
8.6858
8.9652
15.213
8.1952
8.4104
39.218
9.9515
9.0988
8.9082
10.018
8.5139
10.567
11.058
62.972
15.146
9.7519
14.289
10.035
8.1899
16.833
12.101
12.946
11.319
8.5822
9.7015
8.2468
17.473
25.964
9.2208
8.4558
8.3883
13.067
24.082
11.029
8.4457
13.147
12.848
8.6967
10.824
15.438
8.2646
9.1946
20.558
9.8773
8.7930
10.440
10.082
9.7761
8.5308
9.3661
9.5422
12.783
20.331
9.8733
8.7490
10.685
10.309
11.012
8.7950
8.8138
14.010
8.9362
14.455
17.217
9.3435
9.7288
8.3340
12.532
12.936
10.012
8.7458
11.072
8.5394
9.1153
8.8971
8.5433
10.003
9.0437
9.5089
42.191
14.039
8.7501
8.1891
13.883
12.604
8.2438
9.3427
10.776
11.616
9.8530
10.471
15.412
9.8483
16.483
10.796
9.3814
15.490
9.9835
9.3101
12.295
20.145
10.586
20.238
14.661
35.779
11.415
10.328
16.154
10.190
8.4727
10.340
12.584
12.559
9.7361
9.0116
8.2623
18.254
8.6441
12.992
8.9738
8.5168
9.5685
24.011
9.3741
17.947
8.3148
9.9127
9.7093
8.483
15.228
15.576
9.1799
8.8723
10.616
9.0824
8.3830
10.954
18.116
14.516
8.9194
9.4124
11.315
12.239
10.158
15.163
10.993
12.802
12.169
11.764
8.4041
8.7015
18.603
9.4894
11.553
8.6869
10.007
12.214
9.3203
9.8418
10.492
8.8529
13.019
8.7033
9.1813
9.1394
20.102
14.078
9.1752
11.920
10.048
8.5355
12.949
9.2283
15.797
8.9056
8.8837
8.9907
8.4206
10.590
8.4505
10.730
10.398
11.391
12.931
11.054
13.152
27.659
9.1225
15.912
13.415
17.132
11.852
8.3479
8.9862
11.375
11.810
8.9984
16.309
23.105
16.323
9.1707
11.416
15.394
8.5845
9.2094
21.848
8.7618
11.495
9.3261
20.344
8.9683
10.624
10.941
8.3458
17.240
9.1662
8.7693
13.008
9.3935
12.029
9.0128
8.6651
10.206
9.0782
9.6411
11.815
12.349
11.352
9.3747
11.923
13.619
8.9158
29.355
8.4983
15.351
8.8291
14.957
10.408
8.2649
9.0712
11.232
12.542
10.803
23.737
8.7287
10.075
11.117
21.681
8.9101
9.8192
9.4855
9.8805
14.334
11.214
12.638
12.066
10.240
9.1640
10.344
9.9335
9.9796
12.217
8.6685
17.712
12.601
9.3412
12.197
9.9700
12.694
10.966
12.649
8.2582
10.365
15.007
10.534
12.291
8.1879
9.8849
10.315
8.3774
11.609
11.572
9.0199
9.5196
9.1600
8.6484
8.6277
12.944
9.8561
8.3466
13.630
14.404
8.2289
10.689
11.001
8.8535
10.227
12.828
9.0057
10.227
11.329
19.134
13.893
8.9428
12.911
17.344
10.319
10.970
8.4806
8.6603
10.787
14.292
8.9623
8.8524
11.917
8.7892
8.1780
9.9347
8.7429
10.225
20.244
16.243
11.405
11.056
8.6027
14.812
17.307
21.712
8.311
23.259
9.1282
36.378
9.0535
15.078
26.417
8.4553
8.5189
8.9233
9.5551
39.696
10.199
19.399
11.812
15.893
8.2598
25.369
8.8947
8.4755
14.734
8.2871
10.705
10.443
8.4305
8.5928
12.992
14.874
9.6239
8.9280
9.061
8.5667
9.5751
23.403
13.799
9.2256
8.2592
27.343
12.727
11.833
13.171
8.8315
12.783
21.224
23.359
9.3063
10.426
8.2999
11.025
9.0557
8.9511
8.2047
12.290
9.0340
15.819
14.031
17.380
10.424
14.311
8.4815
10.537
12.040
11.196
8.9812
10.647
23.343
8.7714
8.5450
8.5822
8.7217
9.1333
11.887
10.328
9.3742
46.086
41.739
10.558
12.721
10.432
13.948
20.494
9.6291
10.419
16.004
10.135
9.5381
9.7683
14.154
24.622
12.041
18.961
9.6034
8.6742
15.367
13.379
10.573
23.792
10.317
11.520
8.3808
10.009
8.2716
9.7193
10.456
8.5660
8.9860
11.586
8.4961
8.9884
8.4819
9.4872
10.066
9.1781
8.5582
8.6531
13.023
8.6247
8.3699
11.364
10.153
12.392
9.7472
12.318
8.8231
12.103
11.602
8.7137
13.265
16.73
12.268
10.604
15.879
8.1832
13.243
9.6793
8.2229
10.135
10.280
12.708
10.845
10.972
35.603
8.4855
9.2535
17.989
8.9573
10.135
16.589
10.211
9.5175
13.975
9.5066
13.297
10.191
11.604
35.819
8.2263
12.678
12.435
17.550
21.743
13.645
8.4587
14.602
15.802
8.6825
9.4347
9.5247
11.938
18.711
10.658
9.1676
12.391
8.3538
14.265
8.5776
13.453
10.435
8.2605
16.653
8.3954
9.9367
9.2966
12.363
10.950
15.227
8.4978
13.715
12.891
8.9360
9.5039
8.4306
10.712
20.973
18.894
9.8359
8.4107
8.3844
8.7436
8.4477
15.476
13.540
14.551
11.701
8.7274
11.708
8.5497
23.537
9.6793
9.5627
9.8602
8.7857
15.288
9.5966
8.4647
13.673
11.508
15.544
10.144
9.0939
17.891
10.232
15.550
9.0020
13.348
9.8303
14.495
8.7798
13.328
8.5283
18.743
27.560
8.4149
12.240
8.3533
8.8561
18.151
8.3978
9.1952
9.5507
8.9741
11.948
11.106
10.650
14.522
10.929
22.231
12.919
9.0002
8.2444
10.395
11.882
15.988
21.041
11.203
8.9420
8.6564
13.092
16.167
11.071
8.6225
8.8218
9.1509
12.687
10.761
20.817
17.974
8.2767
9.6379
8.8201
12.467
25.726
10.700
9.1057
9.0491
9.4157
10.360
22.846
9.5840
10.222
9.3405
13.591
10.589
8.4403
12.166
15.605
17.179
9.9546
18.308
8.9905
15.435
9.7002
10.617
25.804
25.540
11.236
10.904
16.547
8.9454
10.936
10.059
14.359
9.4769
8.9461
10.325
9.7023
11.095
8.8013
8.5154
20.675
16.388
11.683
12.529
9.4802
11.866
9.9925
29.380
14.733
10.443
11.471
10.951
20.953
10.384
9.6994
8.3833
33.137
13.391
8.2458
25.831
8.9136
36.052
12.460
11.828
9.2188
15.399
20.613
11.460
27.905
9.0325
11.006
12.628
11.321
11.230
9.1386
8.9396
8.6375
8.3178
9.6888
12.344
8.2737
24.527
11.801
12.216
8.2889
8.3443
13.458
12.055
21.733
14.278
12.945
15.119
12.202
12.403
8.9317
9.3330
10.244
13.498
16.177
9.4011
10.679
28.580
17.895
8.4027
15.798
15.121
8.4199
10.658
10.669
15.825
8.3917
26.242
11.982
10.249
9.3942
13.322
11.255
13.814
12.077
8.7085
11.045
10.256
9.1019
13.185
9.4802
9.2584
9.8851
39.16
9.1260
9.5876
10.774
9.4913
15.019
9.3764
12.947
8.9528
15.665
8.3251
9.7044
27.148
27.831
9.1797
11.798
15.544
21.202
25.896
9.7336
11.537
15.069
8.7330
11.561
8.7018
10.516
11.602
19.397
13.708
9.5206
18.966
14.473
14.067
19.444
58.448
8.8151
8.5717
8.6004
9.5008
12.467
15.608
9.0831
18.978
12.660
8.5347
9.4159
12.321
13.284
11.283
12.757
12.494
9.3023
11.213
10.507
9.4423
11.159
12.726
9.9147
8.3309
9.9456
8.2423
23.432
43.480
28.351
12.033
10.092
18.984
8.9489
8.9725
18.059
10.160
16.709
9.1569
10.488
21.929
15.831
8.7148
9.3179
8.5672
15.191
11.693
11.544
13.496
8.8597
8.4720
13.256
10.632
11.357
9.8987
17.380
39.756
12.944
9.9891
13.326
12.441
10.568
11.057
8.5028
11.319
12.074
8.3395
9.2167
9.6099
10.017
12.262
9.5901
9.5985
18.710
13.028
12.308
10.629
9.8969
10.641
8.3392
12.911
10.530
13.052
9.5403
11.878
17.314
11.141
10.817
12.402
15.279
8.4549
8.6445
9.3337
10.219
9.6088
22.631
10.260
9.319
15.266
11.654
9.5851
10.422
13.312
21.666
9.8713
11.647
9.0453
9.4157
8.2692
8.6986
10.014
10.239
8.5755
14.175
10.509
10.015
10.848
8.5415
8.6793
8.4532
12.140
20.133
9.5143
12.790
9.3198
9.8961
22.936
10.547
9.8807
11.649
11.577
8.2528
12.162
9.7318
8.2896
10.492
13.247
13.616
18.586
9.6310
23.539
8.8704
11.849
8.2058
8.4829
17.151
16.628
8.9714
10.244
11.594
15.993
8.8153
17.624
8.3088
15.431
8.5226
8.2691
8.9806
9.4372
12.872
13.849
8.8409
20.089
8.9248
8.2360
8.9048
14.661
10.276
16.932
12.169
47.414
8.2461
10.002
10.331
11.321
13.640
11.899
11.288
9.2067
12.935
8.5272
14.736
11.802
16.302
14.901
13.319
10.215
12.494
15.676
8.1789
9.6733
11.657
9.6688
14.563
8.5734
43.503
10.936
11.243
8.4128
16.488
9.1310
8.775
11.460
9.6217
11.105
9.5874
11.187
23.568
12.204
12.590
8.9533
10.362
29.867
9.0463
19.305
8.7762
9.0501
9.1097
13.106
13.621
8.8140
9.1483
19.119
11.123
20.726
9.1941
24.770
8.2417
11.241
28.565
10.809
12.670
9.4927
8.9818
10.076
9.7649
11.250
19.420
8.3137
10.074
14.971
8.5847
8.2954
8.9707
15.094
12.304
10.573
8.7795
10.553
18.450
8.6506
9.5116
10.952
10.529
10.381
12.717
12.729
11.925
10.623
79.231
8.3996
12.657
17.632
11.155
12.136
9.8246
10.054
8.5683
9.7544
8.7413
8.5669
10.471
9.7829
16.455
8.1920
14.242
10.479
8.6144
8.9144
10.924
13.334
9.6115
9.1055
8.5347
8.4244
9.7253
9.7590
19.764
9.8708
12.959
8.6881
9.0395
9.6285
8.2644
10.372
10.083
9.3020
9.7164
14.039
8.3966
9.1755
9.5329
12.409
18.604
9.5592
8.9062
13.087
8.6178
9.2510
8.8852
9.1899
19.120
13.896
12.758
8.4738
10.694
11.763
33.539
8.7212
15.876
11.857
8.8101
12.709
8.3566
9.4023
10.35
12.896
8.2779
10.683
8.4266
8.3271
8.8398
16.294
8.3749
13.137
9.8789
15.385
11.180
11.132
15.286
9.1098
10.317
8.2519
17.778
10.681
8.3679
19.378
32.276
9.9785
9.9897
13.833
9.1704
9.6605
10.857
16.859
8.5607
8.6800
8.2651
9.4960
13.444
11.102
8.6528
11.502
12.153
13.752
9.9337
9.2652
10.320
40.593
8.7629
8.9204
8.7682
11.194
11.514
11.591
11.582
13.990
11.203
18.546
10.789
9.2661
24.534
8.8318
8.8126
11.039
10.751
9.9616
9.6949
11.078
8.8676
8.2671
8.3314
9.4677
9.6773
8.4141
8.7537
10.173
8.2895
8.2662
9.3913
8.5762
12.414
14.102
20.261
11.971
12.485
10.530
33.556
10.983
12.364
12.067
16.590
8.4401
15.635
8.6893
8.4546
8.3740
8.6609
20.340
20.259
8.3772
9.1545
8.3524
15.775
15.426
10.130
10.352
9.3511
8.4497
8.6133
8.4502
19.661
10.323
9.6888
13.149
12.750
11.308
14.976
8.3489
12.892
8.9809
8.2629
11.889
14.687
9.1997
10.090
26.123
11.159
9.7273
8.2414
14.014
9.0888
9.1733
9.0101
8.6633
44.741
9.6515
27.806
10.263
8.5131
12.353
10.370
13.272
9.7080
11.463
10.197
9.5671
8.7487
12.858
12.195
14.640
17.008
9.4462
26.747
12.219
18.345
8.2537
11.854
9.3634
10.104
15.171
8.6413
11.487
22.188
11.454
8.4563
9.4397
8.6585
16.837
11.548
9.0489
10.380
16.816
13.697
13.160
8.2771
9.3653
13.347
14.686
17.649
11.510
9.0223
9.2104
8.8274
9.4213
9.1058
8.4045
8.2966
10.216
10.031
10.914
14.662
9.6845
8.9255
12.547
58.638
9.0760
8.5307
10.346
8.5711
8.1962
12.099
8.4024
11.098
9.8124
10.231
10.138
8.8371
27.207
15.571
16.222
8.3838
8.5871
12.495
12.349
9.3998
8.3727
13.319
8.6018
8.2727
9.8331
8.6667
11.408
13.655
13.936
8.8469
24.014
9.8932
10.824
9.0489
8.5887
14.098
10.091
8.3980
9.5159
14.922
8.9896
12.007
24.360
24.253
21.125
13.954
11.554
10.625
8.1832
10.917
10.374
8.4318
10.280
14.046
8.6731
16.078
8.8939
10.566
8.7337
35.147
8.8896
9.5127
21.725
9.4205
9.0644
11.033
23.123
16.214
9.7170
8.9590
15.372
22.190
12.038
8.7306
9.8389
13.710
14.949
11.556
12.406
12.545
15.480
10.957
9.2675
8.2204
11.759
9.1037
15.954
11.546
9.6452
8.1972
13.352
8.3804
11.541
11.550
9.2384
13.610
10.108
13.265
9.4592
8.2203
8.8869
15.205
9.5492
9.2639
9.3175
8.7994
8.2152
16.765
12.720
9.9415
26.930
11.854
8.8417
8.2893
40.352
8.4566
9.7706
8.5051
9.3983
10.612
9.3630
8.4944
14.472
23.943
20.462
12.578
12.11
8.2899
8.3762
14.118
8.6687
17.955
11.804
21.447
9.5493
9.1464
8.8363
23.061
36.580
9.2698
12.074
11.060
9.9711
14.328
8.9991
11.333
10.658
9.0198
10.849
8.8097
16.297
10.861
10.468
8.2345
10.948
14.047
11.341
13.012
8.2569
8.3038
18.857
15.624
8.3059
9.5372
11.942
11.149
9.8552
8.5666
9.4014
10.698
9.5843
10.312
9.3705
12.585
16.355
8.5294
9.8582
21.782
8.6321
20.331
13.654
10.684
10.087
16.571
9.4143
22.164
9.8602
19.346
15.376
9.4761
9.7161
9.7740
11.427
9.0213
8.9174
9.2862
9.3930
8.2445
9.8238
11.252
17.837
9.8428
28.947
10.428
10.304
18.959
13.805
8.6303
13.427
17.284
14.688
12.185
13.533
10.574
9.2765
9.2061
10.889
13.845
12.805
14.137
10.401
14.307
11.865
24.653
17.360
10.228
14.096
8.3227
12.794
33.588
9.2376
8.2841
12.981
8.7322
9.1703
11.963
15.241
11.299
8.3105
9.4432
10.615
9.0824
8.8656
9.6368
8.8143
8.7126
9.4998
11.241
8.3417
11.005
10.420
9.3067
11.732
10.456
33.649
8.9373
10.080
8.6680
9.4323
8.9932
10.276
12.755
30.410
8.8471
8.7221
10.458
23.628
8.1790
9.9683
8.1944
10.798
13.325
8.9579
16.005
11.272
8.9127
12.232
11.765
21.780
8.8592
10.658
8.2388
12.986
9.3375
8.4828
8.5043
12.726
25.939
10.417
8.7488
11.237
13.196
17.730
9.6906
15.731
11.515
17.026
9.3723
8.8058
8.1914
10.593
11.464
9.7757
8.7867
14.832
9.0786
15.709
11.068
10.730
9.1421
8.5840
9.1041
10.100
67.615
9.3426
9.5574
11.263
8.8682
9.1050
9.6688
12.377
13.848
12.235
29.326
9.5610
10.491
10.632
10.712
8.9137
18.548
9.2244
10.978
13.988
21.140
14.357
13.565
11.813
16.051
8.3191
13.686
10.408
11.427
15.048
17.588
8.5152
9.0253
10.277
13.867
12.227
9.2830
8.6294
13.565
8.4415
9.4290
12.716
17.645
11.971
11.461
14.353
34.648
14.168
9.7730
8.2092
8.6857
13.921
9.2758
12.137
10.872
9.9781
12.825
29.901
8.9643
10.385
15.403
25.610
8.3453
8.7043
12.921
8.3365
11.526
11.669
13.445
11.515
9.9206
9.1244
11.374
16.873
16.187
9.8362
8.8954
9.6591
8.8304
9.8847
15.132
10.163
22.502
8.2342
13.092
11.208
16.088
10.269
8.9839
12.729
9.6397
12.632
10.652
10.043
9.3180
14.471
8.8716
9.0917
11.530
9.8864
9.0932
19.815
9.0720
8.6436
19.710
11.992
12.604
10.175
22.222
11.656
9.9389
10.058
10.365
8.3931
10.596
9.2012
11.170
58.235
8.3262
12.973
14.193
8.8299
12.571
10.760
11.028
8.3449
15.339
10.866
11.293
18.780
8.3122
9.9919
9.6569
9.6872
12.292
23.438
8.3901
11.015
8.4872
8.7215
8.1908
8.4301
8.8909
8.4774
9.3174
8.3098
8.3818
16.121
8.3572
8.4000
10.027
11.147
13.114
9.7240
33.147
10.354
9.6527
13.873
17.972
9.4518
9.1786
15.546
10.217
10.404
25.694
12.973
18.153
8.6043
13.114
9.4916
15.136
12.480
10.469
9.3881
14.245
10.031
12.214
8.6766
13.051
8.5087
12.509
8.7055
12.639
8.6822
9.3788
8.6554
11.481
11.003
9.7138
9.9560
12.508
10.915
8.7424
10.184
8.2946
11.948
8.9436
8.5771
9.2646
25.948
8.7610
13.400
10.640
11.168
10.080
30.167
8.6036
8.8373
9.2445
10.370
8.8275
15.229
9.7872
8.6454
8.6286
8.9093
11.287
11.296
10.550
9.1902
8.7028
8.1916
9.3687
11.273
10.502
13.690
8.5745
8.4104
8.8228
19.981
10.037
16.387
10.596
12.423
8.2120
8.4298
8.3421
10.252
26.624
10.702
10.168
9.8890
12.859
14.463
11.453
8.5853
10.116
8.5240
10.224
11.521
13.505
20.450
8.2260
12.975
8.4875
9.7533
8.8124
14.002
10.702
8.7639
19.597
10.589
10.229
8.8732
9.2805
8.8862
13.170
8.3352
49.336
8.4235
8.6547
9.9511
16.045
8.3849
14.508
8.5351
21.347
9.2975
8.2446
8.8339
8.8408
12.661
9.2879
9.0206
13.097
17.886
30.270
12.489
9.8492
16.947
8.4952
19.630
8.6370
9.3341
8.2660
10.578
10.517
8.4462
13.391
9.8450
11.117
9.9177
17.222
8.6305
8.8036
8.3787
13.239
8.2261
13.143
8.4419
9.5463
12.459
9.6476
11.560
10.767
11.349
15.281
9.3249
9.7053
9.2858
11.930
8.3469
9.9836
17.719
8.5914
9.4820
9.4448
15.168
9.7306
10.767
11.041
10.987
14.475
12.369
13.885
13.603
8.9878
9.4284
14.577
14.376
8.9320
14.795
16.861
11.701
8.9247
8.5540
18.212
8.5786
8.5457
17.465
9.5668
10.192
11.398
10.869
10.061
11.150
10.083
8.4469
14.226
14.532
10.078
8.9644
17.303
9.4406
11.258
21.775
11.247
11.835
9.1685
16.841
8.8701
15.306
8.2279
13.024
9.3224
10.171
11.071
8.2068
8.1833
9.9010
10.469
14.279
8.8591
14.602
9.5580
9.2838
14.047
12.210
8.3865
9.3351
8.2557
9.3864
12.582
9.6244
8.8034
8.3679
9.2047
21.240
9.8078
9.9824
9.2075
8.2055
13.172
14.193
14.860
25.556
10.221
8.3708
9.9983
14.199
10.865
11.274
10.239
8.5510
11.018
9.2626
8.3137
22.165
8.3412
26.290
10.184
8.5126
16.243
17.353
16.603
10.152
10.402
12.145
14.406
9.4772
9.7483
11.416
12.281
10.096
9.2630
12.632
14.002
8.7832
9.4985
11.254
8.8727
9.8910
8.6833
9.0775
8.7842
13.658
15.936
8.9167
13.690
12.376
31.246
8.6343
14.093
9.8478
8.4028
8.2207
14.264
18.111
11.808
10.420
29.088
9.3940
12.063
8.7196
15.923
9.8332
8.9886
8.3807
14.045
17.262
8.8926
9.3257
11.604
8.4215
11.614
8.4514
9.1629
10.376
14.434
11.803
17.404
8.7439
8.5149
25.757
8.4753
9.1723
12.397
9.3519
19.081
9.7448
28.966
11.033
9.0219
9.9996
18.758
13.672
16.464
10.110
8.7220
22.767
9.3354
19.024
9.0825
14.280
13.325
13.283
11.743
14.138
22.209
13.405
14.064
9.1575
8.3205
9.3507
14.620
15.776
8.9158
8.3319
8.3588
9.7461
15.885
8.9721
9.0037
19.058
29.104
10.393
19.105
9.1557
9.5683
8.9182
11.783
13.441
10.011
12.503
8.2906
8.1834
14.126
10.341
10.552
12.483
12.860
8.5573
13.191
14.494
18.621
8.7451
8.3981
10.188
10.578
11.607
11.242
11.328
9.6422
8.5293
12.197
26.014
9.1179
8.3100
9.0661
10.023
8.7139
9.0341
10.986
11.373
11.229
10.332
9.2929
9.6129
12.494
9.9187
10.964
8.6436
9.3299
8.3636
9.2156
8.9449
9.8182
18.956
9.6156
9.2909
9.8256
10.646
8.7653
14.617
11.018
10.031
8.3893
8.9886
8.5842
23.248
15.367
18.686
21.704
9.6481
10.713
10.300
9.4540
11.189
16.703
13.966
8.2659
10.866
13.275
9.7999
35.942
9.0392
18.365
10.306
8.7767
9.6153
8.7157
8.9604
8.4020
8.3159
8.3196
12.692
11.389
24.701
12.599
12.719
18.095
8.9527
17.446
8.8881
17.198
11.614
9.0997
15.664
10.114
9.7229
15.056
10.747
14.752
24.612
8.4724
10.234
8.7628
9.9732
8.5599
12.556
16.786
12.673
8.4030
10.634
10.499
9.2301
11.633
9.7138
8.8357
10.157
22.138
14.813
11.791
9.5355
13.378
9.6111
9.5130
8.5792
9.3572
11.531
37.739
8.2940
18.190
9.3557
8.6306
12.808
11.010
9.8566
9.9990
9.7451
8.2136
16.674
10.222
8.6163
9.6108
10.430
8.3598
15.888
18.335
8.2310
10.272
9.9005
8.2885
9.4812
10.235
11.000
8.2420
8.6759
9.4023
28.001
8.4437
8.8890
19.028
8.7624
8.4712
8.3283
9.3377
14.547
9.5753
19.602
8.5865
8.6167
10.728
22.637
21.087
8.2053
9.0213
14.456
11.821
8.1885
9.3734
17.581
9.9118
9.4481
9.2762
9.5726
8.9030
10.860
9.3798
17.027
8.7155
10.357
10.204
9.0231
8.3243
17.794
20.236
12.466
9.6181
15.077
11.595
9.1412
9.9227
9.0020
20.872
14.062
22.645
16.477
13.555
9.6803
8.4926
11.019
15.349
9.1317
10.468
8.8303
13.027
22.243
9.5284
9.3546
10.447
10.386
11.221
8.5388
16.076
10.439
8.2720
10.245
14.627
11.169
9.3849
10.120
8.5698
11.462
13.216
10.484
19.403
17.030
8.3366
11.344
15.686
10.412
9.9222
9.9248
9.3768
8.7311
9.6898
9.8555
9.3729
11.410
10.544
11.759
12.747
9.0916
8.2864
10.558
34.277
8.9751
11.525
8.6576
8.4058
10.466
11.497
9.7516
10.877
8.9602
8.8206
15.084
8.5907
15.267
9.6526
9.6521
9.4742
8.7887
13.249
14.689
22.116
17.980
12.083
9.2860
14.173
8.9331
9.3565
11.850
8.6418
19.280
11.799
12.691
12.023
8.2795
9.6968
17.639
10.979
8.1787
8.4627
8.3543
8.9309
8.1948
10.689
8.8746
12.946
8.6611
8.6817
16.467
10.171
13.738
8.7923
9.5546
9.8987
8.9716
9.6472
8.3322
17.835
13.567
10.208
14.207
8.3657
12.678
11.318
11.779
14.079
15.219
10.302
13.925
11.250
10.454
8.7534
12.103
10.663
22.483
13.664
11.590
11.169
26.885
21.420
9.1317
12.806
11.277
10.032
12.202
11.908
10.241
8.8814
28.405
9.0088
8.4841
11.291
17.620
8.4612
9.5124
8.2479
8.3568
11.314
8.2636
9.2964
8.4300
9.2594
8.4647
8.9935
9.8963
8.5476
8.6913
8.3636
8.6908
11.424
8.6503
12.009
9.6049
9.8856
15.477
10.176
10.008
8.6265
12.099
13.602
9.1457
9.8369
12.971
11.358
9.2900
8.2756
12.746
11.041
12.749
12.820
18.083
9.5098
8.4561
31.308
15.998
8.2317
9.8356
9.4177
10.210
8.7897
15.739
9.4436
14.000
8.2255
11.177
16.478
13.152
9.2901
10.635
10.984
8.9920
11.572
15.052
15.255
9.4986
8.3238
22.871
14.057
9.9221
8.8351
13.424
13.537
16.545
8.4490
12.620
9.2635
13.081
12.328
9.9975
11.946
8.3445
9.2285
8.6753
8.9448
35.958
17.360
14.680
11.734
8.3469
8.2200
13.523
9.6014
8.6662
20.641
8.2141
11.792
11.830
9.6558
15.495
12.203
9.9284
8.2569
11.325
10.305
12.083
10.048
10.500
11.286
16.563
9.2872
12.886
14.930
8.9170
8.3052
16.160
8.9545
8.9425
13.181
9.6737
8.8178
8.5997
9.9816
9.5226
9.1732
12.122
10.504
8.7435
13.064
19.537
9.5958
12.562
42.445
9.5906
8.2020
10.089
8.4292
8.6091
9.1253
8.3763
37.968
10.899
8.3523
9.6610
8.5716
55.495
8.3001
8.9755
10.097
19.484
11.937
10.001
8.7038
14.851
12.575
12.358
12.824
32.287
12.532
9.0720
10.470
10.482
9.5461
13.931
11.648
9.3547
13.832
9.5292
8.5401
8.4096
10.638
22.198
13.285
21.644
10.461
9.8420
10.831
8.9467
8.9068
9.6516
12.328
15.300
8.8406
10.711
12.498
10.192
8.9440
15.313
9.8776
9.0208
10.209
9.8067
9.7510
10.419
11.208
28.833
18.049
8.6830
9.0637
16.232
18.306
22.266
10.313
15.978
23.930
8.3494
11.406
18.031
8.2942
9.0195
25.025
8.7968
11.702
12.017
12.111
17.878
16.536
8.2210
12.766
10.750
20.887
10.065
10.781
11.836
27.895
21.977
19.526
13.709
9.9591
10.647
11.611
8.6261
11.669
8.4127
11.918
16.035
14.318
10.812
12.108
18.216
8.2761
11.405
8.5489
19.402
13.520
10.369
10.283
25.231
20.887
10.429
9.6150
15.815
15.723
20.422
22.100
12.091
14.786
17.584
16.596
13.418
11.881
17.434
9.3980
8.9192
15.774
8.1989
9.1085
8.1965
8.3083
8.5752
15.931
8.3694
8.5248
9.3599
11.579
8.2665
11.472
15.851
20.097
8.1930
12.410
9.2447
8.3707
8.2648
9.1311
10.666
9.2761
10.118
9.8074
8.2323
10.069
11.019
9.9402
10.475
9.0516
15.355
8.7274
8.5507
10.261
11.688
18.636
8.5023
12.883
14.465
16.188
10.742
49.581
8.2018
8.6688
17.851
14.616
10.429
15.881
8.8602
12.735
9.1594
8.3892
8.3716
11.566
11.164
13.763
13.011
9.6579
8.3360
11.396
20.359
10.896
9.1757
9.2458
12.605
12.150
10.237
20.304
14.608
17.567
9.3129
8.3570
9.9115
9.0812
9.8418
8.7478
9.3033
14.670
10.008
9.5105
13.890
12.921
14.726
9.3089
15.007
13.569
24.451
9.5079
28.209
10.465
8.1837
9.9607
10.699
13.207
13.225
11.610
10.829
8.1861
13.380
8.7499
15.471
23.580
9.4595
15.846
12.066
8.5915
9.2906
9.0849
8.8035
9.9576
10.096
8.5865
11.584
8.4733
16.738
9.4322
8.3001
9.6897
42.807
10.105
9.4561
10.213
11.228
8.4856
9.2665
8.2357
19.380
19.105
13.955
15.279
14.969
17.404
10.521
9.1241
23.972
10.470
11.872
13.083
8.7066
14.542
8.8939
9.4411
10.995
11.279
17.996
22.015
9.9507
9.7950
9.3582
13.291
9.5969
9.2998
27.173
10.717
17.489
17.419
17.309
9.1298
8.5684
9.0028
13.632
16.433
9.1498
11.823
11.214
8.3361
10.365
8.3653
15.960
14.351
9.1097
9.7764
10.024
9.7314
9.4083
10.890
11.813
10.158
10.084
8.6901
12.562
9.8902
8.8611
12.474
8.7650
8.5417
10.372
9.7945
10.372
8.1952
8.4732
9.0620
25.070
11.326
9.4307
18.382
9.1331
11.064
10.044
10.688
11.072
9.8374
11.054
8.3938
9.4585
9.5539
8.5850
11.207
20.958
10.297
8.3553
15.886
11.704
10.307
8.2984
15.008
8.4408
48.714
8.6369
18.214
9.0342
14.670
8.5121
8.5217
8.9495
8.6352
11.895
17.212
8.3182
10.292
9.9082
18.875
18.697
10.396
9.7170
9.7646
8.4684
15.588
9.7872
16.716
8.2140
13.108
9.4666
10.876
10.779
10.224
8.5980
9.6647
13.775
8.6860
13.595
11.233
9.1379
14.427
11.792
8.2173
9.3792
21.097
9.9097
12.336
9.0315
11.562
11.100
16.505
35.965
14.030
34.000
12.109
17.082
14.864
21.118
8.1617
16.907
9.4454
8.8389
8.7432
18.726
11.014
9.8772
9.7073
10.344
8.6184
26.075
18.972
9.8305
10.810
11.767
12.248
11.114
9.1221
20.911
9.5327
8.5450
8.9271
8.4039
8.2930
8.1985
8.7441
8.5007
8.1940
8.9163
10.290
9.7705
8.4527
9.4896
9.0832
9.3962
10.902
10.553
10.754
8.7520
14.546
12.230
31.066
8.3056
9.9087
8.3977
10.778
10.436
11.109
8.3634
8.7845
11.256
17.756
8.6725
20.002
8.6206
8.2748
11.312
8.9445
20.761
19.173
8.3403
14.254
8.7830
8.8927
8.9371
16.267
11.109
23.029
11.954
14.251
11.252
8.3589
10.472
10.898
13.801
10.151
12.006
8.2458
9.4821
9.1927
9.5553
8.1852
8.2577
8.5818
8.3584
9.8259
8.5549
10.774
22.929
10.647
11.614
9.1574
13.495
11.488
12.456
9.9126
10.703
8.8785
9.9420
10.608
13.430
20.508
9.0332
27.315
10.756
8.6229
11.085
11.770
8.4843
8.5038
10.674
8.3377
8.9317
16.341
18.632
9.4539
12.083
9.6257
8.2079
8.9047
25.430
9.1611
9.8634
14.473
15.262
9.1540
31.111
9.4523
10.231
12.165
26.154
9.4580
12.780
13.981
9.4468
8.7299
13.125
9.2792
10.053
10.275
8.2999
9.4915
14.662
29.090
15.427
10.543
12.205
12.808
13.705
12.617
20.413
18.227
9.5976
10.254
9.0065
10.983
8.5623
9.5580
22.542
8.8362
10.297
11.723
20.320
9.5183
8.9652
49.364
11.630
11.763
9.0875
8.3655
9.2454
9.9923
8.9164
12.069
8.4869
37.886
9.5948
16.539
9.7709
9.5828
10.579
9.2878
14.290
20.968
8.8097
14.144
12.014
11.758
8.7104
14.703
11.161
8.2557
8.3165
8.2462
15.886
12.227
8.9394
8.9944
8.1949
8.4008
8.2192
9.1628
10.279
9.9041
20.494
8.8321
8.2702
12.194
11.436
8.7140
10.823
10.316
12.206
8.4384
12.195
8.4791
10.751
9.6680
9.3694
9.3124
12.448
27.456
9.3880
13.735
8.8900
10.631
12.787
10.733
8.5576
8.7926
12.549
8.4005
13.501
8.2334
8.7844
28.910
13.271
9.8319
11.415
9.5812
36.351
20.230
9.4266
8.9302
8.8864
9.9177
10.116
9.8972
11.376
8.9639
14.759
15.158
16.467
9.4709
10.628
9.2794
9.4697
11.685
9.1192
9.5109
9.5028
8.7878
24.909
9.1134
16.652
27.673
8.5371
29.580
9.7328
10.836
9.3528
9.8467
14.967
18.468
10.623
9.3932
13.002
11.162
9.6203
9.4620
10.870
8.8784
15.823
9.8952
15.079
10.050
10.600
8.9901
9.7587
9.2376
8.8129
8.9374
8.9769
8.8596
24.726
8.9117
12.774
8.6749
8.7345
9.3021
10.198
8.8832
8.2022
19.211
10.702
9.6250
10.508
16.687
8.9588
11.632
14.999
11.842
9.1742
8.8176
8.4124
14.721
9.2518
8.7471
9.9330
13.282
8.8119
11.951
10.713
17.730
14.004
9.2119
9.2466
10.158
18.361
8.2978
10.643
11.136
11.487
9.6209
14.972
8.2744
86.768
11.393
14.894
8.3175
11.898
67.542
11.553
11.448
10.792
11.790
14.016
8.4535
13.568
8.9537
11.722
9.3758
19.413
8.2990
9.4833
17.555
8.2429
11.284
8.2803
8.4770
10.610
10.789
8.9436
8.8006
17.559
8.6373
16.981
8.6291
8.4970
9.5306
8.8875
9.5056
10.856
8.7086
8.9771
11.454
10.667
12.019
9.0028
9.9453
17.211
8.2804
9.0366
11.109
12.285
11.283
8.8736
8.5323
10.773
14.020
11.245
9.2925
9.4859
8.5213
9.8088
19.313
9.6352
8.4660
10.195
17.902
8.5532
12.986
11.852
9.7271
18.709
8.7899
8.5451
9.4048
22.399
8.6707
10.678
8.7712
10.085
10.433
8.7227
20.368
12.376
8.1753
11.465
11.347
10.658
24.852
9.724
8.4389
41.382
8.6617
13.679
8.4382
9.2968
9.1984
20.122
9.8210
11.545
9.9569
9.9698
15.275
10.052
20.684
11.277
9.4690
8.7121
9.2742
15.775
16.766
8.6456
13.629
12.578
9.3785
9.6344
9.2176
12.631
8.252
8.3077
8.2453
8.6631
8.4165
14.727
10.594
10.564
12.722
20.806
11.347
10.821
12.120
8.4687
12.068
12.009
10.041
10.246
9.4807
10.519
9.7651
14.475
10.312
9.5300
22.635
9.3596
18.992
12.641
16.607
12.238
11.097
8.3367
9.0295
8.4369
9.9134
9.7977
9.0047
10.281
9.0515
12.243
19.444
10.055
8.7399
8.3886
14.652
9.7771
14.253
9.7444
8.6874
8.4216
8.4811
31.827
8.7154
15.222
9.7363
9.4565
9.3121
8.9330
9.1472
8.8813
25.082
14.923
8.3241
14.417
13.379
11.344
9.8391
18.039
10.116
18.898
16.890
9.5814
24.581
9.0382
12.070
12.101
10.041
22.520
11.202
23.476
10.168
9.8911
17.598
22.838
9.5674
13.337
10.249
13.917
8.7742
10.415
11.703
12.328
21.188
8.4114
8.9868
9.8417
12.908
8.4200
11.594
10.695
17.835
9.9484
26.677
25.046
9.0499
12.540
25.992
14.065
9.9048
8.2655
12.041
12.259
8.1969
12.371
17.292
10.178
8.4002
24.561
8.6587
9.2564
9.4824
10.784
11.171
9.5026
9.7196
8.5826
10.706
8.6102
9.2394
13.743
18.107
8.2457
8.6152
9.8537
8.2314
8.9098
11.040
9.4287
43.779
13.992
9.8638
8.7795
8.5713
15.681
16.245
13.726
8.4042
8.3776
17.745
9.0407
8.9845
8.6207
10.191
11.856
9.1533
8.3765
10.100
9.1598
8.7722
12.794
9.7806
11.664
8.2329
14.470
10.798
42.177
9.1266
11.674
10.392
8.7857
9.5364
10.462
8.3868
9.6658
12.423
9.2963
9.7348
18.411
9.0833
11.520
16.252
8.2833
9.8099
10.563
8.8917
21.348
9.0468
9.4245
12.138
8.5588
8.4939
9.7468
8.2351
9.0724
10.565
8.5901
9.4491
15.970
13.146
15.853
8.5441
9.0607
8.7474
11.059
15.768
8.9189
11.179
9.3616
9.7218
10.174
15.187
8.2227
20.704
10.280
11.103
12.316
8.3760
8.9502
17.670
8.7059
8.1957
12.573
24.247
9.3670
13.924
8.4020
8.4918
9.5112
10.409
10.531
16.898
8.7205
8.4572
9.4225
9.0364
8.4523
8.4116
15.725
11.228
8.7628
11.483
11.402
8.8531
11.311
8.9919
17.629
8.8672
12.991
9.0626
8.5181
8.3585
12.855
10.552
30.094
8.2934
10.270
8.3885
11.779
15.718
8.4077
20.718
9.2730
12.317
8.1921
8.2592
8.9873
10.409
8.8395
14.024
9.2429
20.651
17.650
9.5774
9.5236
10.110
12.284
19.032
8.8229
14.932
13.509
12.019
13.099
8.3650
8.7797
20.320
12.473
8.3344
11.966
16.486
8.4842
9.2885
8.2919
8.6187
13.561
9.3987
14.791
26.127
11.170
31.063
9.1426
361.92
14.239
8.6808
9.9605
11.946
8.9211
8.2752
9.4536
9.6065
9.3398
11.070
13.023
8.9668
9.0553
10.375
16.687
10.919
11.063
10.032
9.7311
9.3649
8.5155
12.277
9.7605
10.808
8.4319
9.7055
13.224
8.6057
10.661
10.040
8.5628
9.1862
8.8346
14.576
10.136
13.948
12.660
9.7143
21.715
8.5933
8.6770
20.803
9.4813
10.790
8.3538
12.008
11.935
30.257
8.7186
8.8912
9.0252
10.744
21.195
9.3221
8.5505
9.3676
9.7588
35.728
8.7292
8.9005
8.2766
17.911
12.846
8.5675
9.4313
8.4478
10.099
8.4691
9.2440
9.2375
16.553
33.325
9.6150
10.906
13.607
13.248
8.6055
8.6116
18.646
11.869
9.2252
11.698
16.831
15.588
13.895
8.2134
8.3617
10.367
8.4415
8.6496
9.2489
14.654
9.9131
9.2498
9.4009
10.405
8.3104
23.784
8.6947
10.700
10.779
8.8637
11.408
9.4155
12.777
8.8124
8.7291
18.828
8.5805
10.969
8.6508
8.2641
14.298
18.070
10.276
10.264
19.515
10.222
15.624
9.4067
10.227
11.144
18.574
8.8259
9.4227
11.769
8.7511
9.2676
8.5733
13.344
9.0336
12.338
12.970
9.2635
12.410
8.8759
10.311
8.5370
8.9119
10.476
11.644
10.922
8.6747
11.055
14.363
9.3284
11.018
8.3443
9.1603
14.014
12.744
8.3547
13.030
8.8656
10.280
8.647
18.955
8.7081
10.150
11.998
10.837
9.9777
13.701
9.3422
12.466
12.107
14.466
11.958
8.7569
9.0752
16.807
21.487
13.222
12.116
10.630
9.0231
8.3700
15.510
10.663
8.6794
13.813
11.753
12.149
26.849
11.503
9.1174
11.793
9.4202
8.4601
11.160
26.562
9.7036
9.8831
8.6395
9.8390
11.978
10.636
8.2688
10.056
11.898
11.206
11.390
11.784
13.400
8.9514
13.989
14.525
12.540
9.5095
11.056
8.5833
19.376
8.7759
11.387
8.4730
9.1670
11.425
8.1774
9.9764
9.5093
13.675
15.988
10.230
8.8603
10.091
11.064
9.3630
10.928
9.8261
10.417
16.746
9.6532
10.399
10.971
10.277
13.372
8.6269
8.5838
19.707
18.825
9.6199
17.058
8.9666
16.790
13.881
10.150
15.288
9.0826
10.308
18.922
9.4098
28.171
8.2452
8.6324
11.592
9.7214
11.394
15.058
12.313
10.761
14.700
13.560
9.2552
22.089
13.997
21.718
9.8271
13.053
12.610
14.103
9.9249
10.608
11.434
10.169
50.306
15.572
10.011
11.955
8.9613
17.687
8.6416
10.360
13.824
11.868
12.370
40.609
14.991
10.059
11.667
18.061
8.7593
12.566
14.098
8.5444
12.498
17.543
9.1530
12.022
9.7244
8.9257
10.167
8.4583
16.132
11.125
13.700
9.6139
11.145
10.704
8.4517
9.1541
17.254
10.778
8.8593
9.2470
17.600
11.813
12.819
8.3328
8.6581
12.626
22.998
16.422
14.252
9.3528
10.802
9.3924
12.176
8.5705
11.101
8.9320
8.3283
11.623
15.208
16.316
8.3896
14.054
12.094
11.586
14.137
14.677
36.567
9.9615
17.451
17.740
9.0503
10.536
18.177
17.680
15.346
8.4972
13.576
8.2871
8.9220
10.111
8.4874
9.8544
13.173
8.4645
9.1561
26.381
12.678
8.1896
11.045
8.8033
8.7960
9.9370
10.688
10.686
9.0155
9.9093
12.054
8.6141
8.5365
15.551
9.5066
28.905
10.394
19.208
16.938
8.3106
18.674
8.5026
10.884
10.678
9.9373
8.5997
13.768
9.4311
15.119
9.4798
11.978
11.283
9.1483
9.8115
9.9015
8.6689
13.278
9.3248
9.7395
8.8041
13.908
9.9691
10.241
8.4277
12.696
10.198
9.0132
17.650
15.526
8.6047
8.9228
10.986
13.465
9.5634
12.438
8.7702
11.589
10.474
20.673
13.611
8.4614
10.016
16.988
10.027
12.511
9.8470
14.276
9.6218
11.511
9.2309
10.579
8.4937
8.3312
19.042
9.3466
27.526
8.6034
18.604
13.023
10.832
9.8871
8.2626
22.165
12.817
9.3750
8.6579
12.062
10.108
12.138
9.1109
8.2038
8.6879
8.4606
9.0431
16.480
8.4045
8.3680
10.135
10.308
12.948
14.533
9.2622
8.7879
8.9979
11.944
9.4788
8.8115
9.6280
10.363
10.480
10.678
8.3043
10.373
8.9102
10.149
9.9689
8.5609
9.5219
9.7217
9.2571
8.8764
12.322
8.2743
11.898
29.752
9.7763
12.521
9.1160
12.346
12.010
8.3014
8.4787
9.3494
11.367
9.3321
8.9787
11.214
12.450
9.1656
15.383
8.9737
17.106
11.082
10.728
10.908
13.238
9.8638
8.4173
8.9416
9.6415
12.383
8.3895
13.583
9.9525
22.447
10.124
18.846
8.8650
9.5361
9.1836
12.260
8.5773
12.811
10.368
9.5984
9.9729
14.713
15.168
11.121
8.9905
14.915
11.117
41.195
8.4267
8.9828
23.044
10.471
9.0268
9.1609
11.739
15.261
17.118
8.3584
11.553
17.087
9.6273
9.1138
9.1931
8.2964
37.247
8.9447
8.2171
10.084
12.201
9.0215
9.6151
21.478
10.810
13.424
24.951
12.543
8.5548
17.227
13.491
15.000
9.0987
13.053
9.9751
16.960
8.9371
9.1236
20.774
9.9881
25.028
8.3291
9.7405
8.2176
11.043
8.6466
9.6579
8.2456
9.5576
10.232
12.190
9.4663
11.629
11.631
15.381
8.9516
13.333
15.079
8.3392
13.722
9.6192
11.229
10.144
12.386
8.1804
19.453
8.8713
12.605
9.4639
8.6390
32.446
10.399
8.9781
9.6831
14.338
8.7429
10.015
10.806
19.504
8.9907
15.884
10.089
13.133
8.2854
12.389
12.142
9.1870
16.228
9.4978
16.012
11.486
8.4624
8.5934
11.241
16.424
16.067
11.531
9.6399
15.622
9.208
20.637
9.0748
13.139
13.481
10.552
18.605
8.7656
8.7428
8.6034
12.615
12.237
12.483
10.022
9.6296
9.9796
14.931
19.971
9.1659
9.9630
15.411
9.2095
12.157
10.938
10.035
15.237
10.821
8.4287
8.5782
8.7907
8.4971
9.4050
8.5852
14.086
16.315
9.2669
11.065
8.7868
10.357
9.0497
14.036
13.386
8.7446
11.789
12.927
14.929
9.7625
14.183
8.4343
14.068
10.253
9.7057
13.909
12.394
8.6368
15.068
8.1949
12.599
9.1118
12.912
21.547
9.6813
12.906
20.960
8.4713
8.3673
9.4935
9.7834
8.7518
21.706
12.787
8.9247
15.243
9.8133
10.336
11.841
12.797
10.504
10.219
15.366
31.716
15.848
11.015
10.043
8.5769
10.895
10.265
13.341
8.5343
12.519
8.3813
11.177
11.929
11.428
10.348
11.680
9.2733
8.4343
8.6129
13.353
8.9528
16.286
8.3043
8.3418
13.743
9.4375
10.893
9.9359
9.1790
8.4790
8.1858
10.951
12.711
10.078
9.1930
14.576
9.3928
9.8267
10.516
10.326
10.885
8.3758
16.599
10.083
21.468
14.647
14.879
9.8106
8.8446
8.4049
13.301
11.117
8.8490
9.5547
8.3614
8.3627
8.6952
21.533
10.202
19.418
8.6560
10.413
8.5951
14.544
15.867
11.203
10.357
8.7530
13.380
8.2792
12.434
9.0017
9.1747
17.938
9.3789
8.7379
22.556
10.737
9.9180
63.189
9.2752
83.905
13.242
10.317
9.9796
34.527
9.6821
8.2010
25.466
8.8581
9.4755
17.526
13.709
15.188
8.9048
8.7100
8.7322
15.797
29.097
21.448
10.168
8.3929
15.236
13.511
11.826
11.193
11.678
43.546
11.950
9.0931
9.6380
9.0055
12.503
8.3285
10.185
12.572
12.257
11.122
9.2028
15.334
10.258
15.085
8.9788
8.2597
8.3166
9.4916
8.3673
13.223
8.2797
15.495
9.4005
14.779
8.5982
9.0841
9.1613
8.8107
10.618
11.895
10.248
8.4462
8.6643
12.111
10.070
9.2701
8.7141
11.868
12.074
8.2411
15.444
9.0157
9.2307
18.668
26.576
9.3810
8.4275
13.879
51.659
15.090
11.129
10.851
8.7996
9.9402
8.3480
17.962
8.3358
11.470
11.030
9.2506
10.859
13.124
9.4988
13.998
8.6301
10.865
9.4029
10.698
9.9264
14.404
8.9410
9.3040
9.1486
11.773
10.641
12.303
10.423
10.246
8.6267
8.5482
10.283
9.5290
19.656
9.5910
10.876
11.301
9.0591
10.368
12.076
16.340
9.8287
8.6157
10.110
15.188
9.2988
10.249
9.3231
11.529
11.022
10.784
15.117
9.7930
8.3824
12.026
9.6547
14.203
9.3096
12.013
11.605
8.8574
8.5540
10.112
17.803
9.6205
14.336
11.658
9.9593
17.005
13.587
14.600
8.9408
21.403
8.6229
9.9702
9.9738
12.163
