81022	1	0	-1000010020	-1	-12000	Vacuum	0.000274229	658.067	2.48875e-17	0	0	1096.35	-1266.75	-308.19	0.00552715	-575.16	728.892	174.9
81022	1	0	-1000010020	-1	-10003	Plastic	37.8213	596.134	2.55357	0	0	1019.68	-1204	-299.365	0.666939	-105.948	175	36.7143
81022	1	0	-1000010020	-1	-11002	Plastic	44.6621	593.58	2.11851	0	0	1015.18	-1202.99	-301.236	0.666897	-21.2568	75	11.8502
81022	1	0	-1000010020	-1	-1	Fe	45.0732	591.461	54.3549	0	0	991.544	-1101.29	-327.549	2.67785	-16.1854	68.9903	10.3453
81022	1	0	-1000010020	-1	-1	Fe	45.1581	537.106	33.4519	0	0	950.655	-1062.29	-332.83	1.60027	-15.14	67.8292	10
81022	1	0	-1000010020	0	0	LAr	45.9973	503.654	62.776	0	0	837.055	-1034.48	-278.224	15.4821	-5.08735	56.596	6.48052
81022	1	0	-1000010020	0	0	LAr	46.3968	440.879	30.5617	0	0	786.892	-1011.11	-252.586	7.02909	-0.759811	51.2478	5.04211
81022	1	0	-1000010020	0	0	LAr	46.5003	409.834	7.66958	0	0	779.997	-998.12	-252.447	1.77342	0.30878	49.8748	4.6991
81022	1	0	-1000010020	0	0	LAr	47.1193	401.73	48.9685	0	0	722.58	-918.886	-285.057	10.5262	6.6643	41.742	2.64213
81022	1	0	-1000010020	0	0	LAr	47.1268	352.762	0.57918	0	0	722.325	-917.841	-284.541	0.121979	6.73755	41.6488	2.61323
81022	1	0	-1000010020	0	0	LAr	47.6458	352.183	44.0982	0	0	659.221	-855.511	-290.068	8.39732	11.7824	35.2384	0.625938
81022	1	0	-1000010020	0	0	LAr	48.0802	308.084	36.5152	0	0	626.859	-797.819	-250.995	6.67046	15.7139	30.1363	-1.10398
81022	1	0	-1000010020	0	0	LAr	48.4478	271.569	33.0358	0	0	583.489	-740.426	-250.998	5.36562	18.9314	26.0413	-2.39227
81022	1	0	-1000010020	0	0	LAr	48.7577	238.533	29.3675	0	0	508.066	-694.517	-296.47	4.28682	21.495	22.7882	-3.49504
81022	1	0	-1000010020	0	0	LAr	49.0184	209.166	25.5285	0	0	485.455	-633.283	-293.043	3.41255	23.3996	20.1846	-4.60644
81022	1	0	-1000010020	0	0	LAr	49.2381	183.637	22.1858	0	0	448.403	-582.498	-302.222	2.72004	24.9527	18.1585	-5.54398
81022	1	0	-1000010020	0	0	LAr	49.4238	161.451	19.5152	0	0	403.918	-562.675	-269.867	2.17216	26.178	16.5668	-6.3698
81022	1	0	-1000010020	0	0	LAr	49.5808	141.936	16.4423	0	0	393.288	-516.554	-254.954	1.7344	27.1203	15.2543	-6.99934
81022	1	0	-1000010020	0	0	LAr	49.6326	125.494	6.40379	0	0	343.058	-542.438	-221.336	0.541739	27.4257	14.8531	-7.19734
81022	1	0	-1000010020	0	0	LAr	49.7578	119.09	14.5055	0	0	322.784	-509.313	-199.172	1.27713	28.0709	13.8329	-7.61363
81022	1	0	-1000010020	0	0	LAr	49.8637	104.585	12.659	0	0	319.206	-469.167	-176.846	1.01854	28.5886	13.0161	-7.93303
81022	1	0	-1000010020	0	0	LAr	49.9191	91.9257	6.52288	0	0	325.485	-419.453	-213.957	0.502127	28.8582	12.6198	-8.08241
81022	1	0	-1000010020	0	0	LAr	50.0009	85.4029	10.9654	0	0	301.763	-396.774	-190.479	0.715824	29.2651	12.0954	-8.34992
81022	1	0	-1000010020	0	0	LAr	50.0697	74.4374	9.13155	0	0	278.755	-368.011	-190.014	0.564203	29.5841	11.676	-8.55127
81022	1	0	-1000010020	0	0	LAr	50.1281	65.3059	8.17426	0	0	257.335	-336.844	-194.659	0.450587	29.8356	11.3439	-8.72273
81022	1	0	-1000010020	0	0	LAr	50.1777	57.1316	6.93555	0	0	241.113	-312.319	-187.451	0.358991	30.0337	11.0847	-8.87251
81022	1	0	-1000010020	0	0	LAr	50.2202	50.1961	6.44394	0	0	228.687	-288.946	-173.927	0.288981	30.1931	10.8781	-8.99649
81022	1	0	-1000010020	0	0	LAr	50.2564	43.7521	5.79138	0	0	213.277	-271.698	-156.632	0.230423	30.3224	10.7148	-9.09482
81022	1	0	-1000010020	0	0	LAr	50.2872	37.9608	5.0371	0	0	197.7	-252.014	-148.296	0.183232	30.4254	10.5835	-9.17047
81022	1	0	-1000010020	0	0	LAr	50.3136	32.9237	4.67035	0	0	181.971	-233.85	-137.782	0.146456	30.5074	10.479	-9.23199
81022	1	0	-1000010020	0	0	LAr	50.3361	28.2533	4.1692	0	0	164.697	-216.521	-130.072	0.116005	30.572	10.396	-9.28088
81022	1	0	-1000010020	0	0	LAr	50.3554	24.0841	3.6211	0	0	151.373	-199.839	-119.71	0.0918637	30.6222	10.3301	-9.3205
81022	1	0	-1000010020	0	0	LAr	50.3721	20.463	3.27096	0	0	133.298	-185.38	-112.484	0.0732861	30.6621	10.2774	-9.35207
81022	1	0	-1000010020	0	0	LAr	50.3866	17.1921	2.95913	0	0	125.162	-167.76	-98.9162	0.0584555	30.6927	10.2348	-9.37789
81022	1	0	-1000010020	0	0	LAr	50.3993	14.2329	2.73882	0	0	115.977	-151.292	-83.1222	0.0466629	30.7179	10.201	-9.39782
81022	1	0	-1000010020	0	0	LAr	50.4106	11.4941	2.66162	0	0	98.8055	-132.677	-76.4529	0.0371297	30.7386	10.174	-9.41265
81022	1	0	-1000010020	0	0	LAr	50.4206	8.83248	2.46568	0	0	95.7898	-102.107	-65.7446	0.0290975	30.7544	10.1528	-9.42485
81022	1	0	-1000010020	0	0	LAr	50.4297	6.3668	2.54022	0	0	58.9635	-87.9218	-56.2323	0.0225239	30.7683	10.138	-9.43441
81022	1	0	-1000010020	0	0	LAr	50.4379	3.82658	2.8055	0	0	32.2874	-43.243	-30.3135	0.0157466	30.776	10.1265	-9.44178
81022	1	0	-1000010020	0	0	LAr	50.4416	1.02108	1.02108	0	0	0	-0	-0	0.00367922	30.7779	10.1239	-9.44357
81022	1	0	-1000010020	0	0	LAr	50.4416	0	0	0	0	0	-0	-0	0	30.7779	10.1239	-9.44357
337771	1	0	-1000010020	-1	-12000	Vacuum	0.000286836	678.687	2.58445e-17	0	0	-1024.23	1367.21	-297.042	0.00583734	616.257	-923.088	174.9
337771	1	0	-1000010020	-1	-10002	Plastic	47.6196	610.987	2.06449	0	0	-947.073	1299.74	-262.163	0.62668	70.141	-175	27.4986
337771	1	0	-1000010020	-1	-11003	Plastic	53.9959	608.923	2.12905	0	0	-943.188	1298.18	-263.72	0.626819	-2.72549	-75	7.32818
337771	1	0	-1000010020	-1	-1	Fe	54.3148	606.794	23.1282	0	0	-915.748	1271.01	-275.805	1.25275	-6.35822	-70	6.31245
337771	1	0	-1000010020	0	0	LAr	54.3596	583.665	2.7691	0	0	-910.357	1268.04	-278.847	0.867695	-6.85776	-69.3067	6.162
337771	1	0	-1000010020	0	0	LAr	54.6955	580.472	22.7218	0	0	-903.3	1227.82	-277.065	6.50207	-10.5905	-64.1074	5.01865
337771	1	0	-1000010020	0	0	LAr	54.7494	557.117	3.55196	0	0	-897.843	1224.43	-273.412	1.02885	-11.1903	-63.292	4.83466
337771	1	0	-1000010020	0	0	LAr	55.0192	552.973	18.8726	0	0	-887.938	1193.33	-271.366	5.13957	-14.1813	-59.2131	3.92384
337771	1	0	-1000010020	0	0	LAr	55.3248	533.542	21.256	0	0	-859.424	1172	-264.409	5.74923	-17.5575	-54.6757	2.89204
337771	1	0	-1000010020	0	0	LAr	55.6015	511.861	19.6155	0	0	-866.622	1130.29	-241.606	5.13211	-20.5432	-50.6041	1.97346
337771	1	0	-1000010020	0	0	LAr	55.6107	491.851	0.706411	0	0	-866.229	1128.79	-239.274	0.169844	-20.6451	-50.4712	1.94506
337771	1	0	-1000010020	0	0	LAr	55.8819	490.753	18.9495	0	0	-852.633	1100.81	-226.759	4.95693	-23.6209	-46.5934	1.12306
337771	1	0	-1000010020	0	0	LAr	56.2478	471.321	27.2052	0	0	-828.219	1059.57	-228.747	6.59418	-27.6061	-41.4483	0.063192
337771	1	0	-1000010020	0	0	LAr	56.256	443.628	0.661863	0	0	-828.799	1056.76	-228.882	0.145301	-27.6943	-41.3354	0.0388278
337771	1	0	-1000010020	0	0	LAr	56.3286	442.569	4.98825	0	0	-823.597	1050.91	-219.318	1.27846	-28.472	-40.3438	-0.175955
337771	1	0	-1000010020	0	0	LAr	56.8972	437.125	42.7196	0	0	-780.529	993.659	-191.783	9.9749	-34.5428	-32.5974	-1.79257
337771	1	0	-1000010020	0	0	LAr	57.4267	394.032	42.2374	0	0	-743.62	924.45	-189.319	8.93824	-40.0009	-25.6489	-3.13367
337771	1	0	-1000010020	0	0	LAr	57.4385	351.794	0.942727	0	0	-741.991	922.276	-191.058	0.192013	-40.1198	-25.5012	-3.16393
337771	1	0	-1000010020	0	0	LAr	57.6558	350.498	16.5623	0	0	-729.854	889.741	-195.434	3.50792	-42.2905	-22.8031	-3.72287
337771	1	0	-1000010020	0	0	LAr	57.7013	333.56	3.68276	0	0	-723.627	885.433	-192.279	0.721453	-42.7416	-22.2531	-3.84366
337771	1	0	-1000010020	0	0	LAr	58.1763	329.5	40.0514	0	0	-660.301	837.367	-179.96	7.48884	-47.4142	-16.5357	-5.08525
337771	1	0	-1000010020	0	0	LAr	58.5762	289.448	34.55	0	0	-632.743	774.599	-144.182	5.99007	-51.0709	-11.8983	-6.08187
337771	1	0	-1000010020	0	0	LAr	58.7177	254.898	12.7127	0	0	-582.238	784.517	-112.602	2.01247	-52.331	-10.3558	-6.36899
337771	1	0	-1000010020	0	0	LAr	59.0338	242.186	29.1547	0	0	-549.108	725.397	-129.576	4.4012	-54.9363	-6.84542	-6.87284
337771	1	0	-1000010020	0	0	LAr	59.3009	213.031	25.4994	0	0	-514.488	679.708	-109.271	3.52294	-57.041	-4.06502	-7.36949
337771	1	0	-1000010020	0	0	LAr	59.5268	187.532	21.9332	0	0	-476.594	640.594	-105.44	2.8215	-58.7297	-1.83396	-7.72816
337771	1	0	-1000010020	0	0	LAr	59.7187	165.598	19.7903	0	0	-447.682	596.238	-110.905	2.2706	-60.0731	-0.0282333	-8.02538
337771	1	0	-1000010020	0	0	LAr	59.8813	145.808	17.3024	0	0	-391.538	570.609	-140.253	1.81785	-61.1526	1.40938	-8.29279
337771	1	0	-1000010020	0	0	LAr	60.0193	128.506	15.3107	0	0	-374	532.835	-116.806	1.45825	-61.961	2.58761	-8.58239
337771	1	0	-1000010020	0	0	LAr	60.1365	113.195	13.4546	0	0	-350.821	495.442	-124.732	1.16903	-62.622	3.52924	-8.78881
337771	1	0	-1000010020	0	0	LAr	60.2362	99.7404	11.8617	0	0	-325.15	464.318	-126.734	0.937777	-63.1527	4.27877	-8.97751
337771	1	0	-1000010020	0	0	LAr	60.321	87.8787	10.7038	0	0	-292.036	445.901	-106.508	0.752274	-63.5737	4.88001	-9.14162
337771	1	0	-1000010020	0	0	LAr	60.393	77.1749	9.85294	0	0	-274.633	414.574	-98.8797	0.600529	-63.8963	5.37255	-9.25926
337771	1	0	-1000010020	0	0	LAr	60.4536	67.322	8.17107	0	0	-251.042	394.907	-80.0871	0.474659	-64.1534	5.76058	-9.35181
337771	1	0	-1000010020	0	0	LAr	60.5054	59.1509	7.27219	0	0	-241.46	363.382	-83.3712	0.380713	-64.3546	6.07719	-9.41602
337771	1	0	-1000010020	0	0	LAr	60.5496	51.8787	6.50727	0	0	-218.354	342.679	-84.5551	0.305306	-64.5206	6.3269	-9.47331
337771	1	0	-1000010020	0	0	LAr	60.5873	45.3715	6.11327	0	0	-194.589	321.54	-86.9188	0.244544	-64.6492	6.52876	-9.52312
337771	1	0	-1000010020	0	0	LAr	60.6193	39.2582	5.12887	0	0	-179.559	296.529	-94.9758	0.193352	-64.7467	6.68989	-9.56668
337771	1	0	-1000010020	0	0	LAr	60.6468	34.1293	4.5556	0	0	-161.28	280.562	-84.1797	0.154891	-64.8241	6.81764	-9.60759
337771	1	0	-1000010020	0	0	LAr	60.6704	29.5737	4.31205	0	0	-148.771	264.851	-55.8712	0.124252	-64.884	6.92186	-9.63887
337771	1	0	-1000010020	0	0	LAr	60.6906	25.2617	3.6856	0	0	-141.663	242.751	-49.0484	0.0983867	-64.9314	7.0062	-9.65666
337771	1	0	-1000010020	0	0	LAr	60.708	21.5761	3.35017	0	0	-126.531	226.163	-39.2635	0.0787569	-64.9704	7.07319	-9.67019
337771	1	0	-1000010020	0	0	LAr	60.7232	18.2259	2.9757	0	0	-124.855	203.029	-25.1005	0.0629405	-65.0008	7.12748	-9.67962
337771	1	0	-1000010020	0	0	LAr	60.7365	15.2502	2.78349	0	0	-110.948	185.126	-18.4339	0.0505419	-65.0271	7.17027	-9.68491
337771	1	0	-1000010020	0	0	LAr	60.7482	12.4667	2.67817	0	0	-97.8987	160.605	-37.905	0.0403637	-65.0478	7.20475	-9.68834
337771	1	0	-1000010020	0	0	LAr	60.7586	9.78854	2.59879	0	0	-83.4814	137.825	-32.5144	0.0318508	-65.064	7.2314	-9.69463
337771	1	0	-1000010020	0	0	LAr	60.7681	7.18976	2.49247	0	0	-72.4676	107.722	-28.0543	0.0246537	-65.0766	7.25205	-9.6995
337771	1	0	-1000010020	0	0	LAr	60.7766	4.69729	2.61859	0	0	-51.2657	69.4014	-18.9018	0.0182146	-65.0865	7.2668	-9.70334
337771	1	0	-1000010020	0	0	LAr	60.7825	2.0787	2.0787	0	0	-0	0	-0	0.00833452	-65.0913	7.27331	-9.70512
337771	1	0	-1000010020	0	0	LAr	60.7825	0	0	0	0	-0	0	-0	0	-65.0913	7.27331	-9.70512
1401169	1	0	-1000010020	-1	-12000	Vacuum	0.000285414	650.807	2.59711e-17	0	0	1630.89	343.35	-295.264	0.00573249	-939.623	-227.994	174.9
1401169	1	0	-1000010020	-1	-10004	Plastic	40.8103	585.109	1.91122	0	0	1533.56	318.669	-272.894	0.518246	-175	-70.8166	37.8999
1401169	1	0	-1000010020	-1	-11000	Plastic	47.6177	583.198	11.5058	0	0	1516.88	312.94	-269.277	2.91352	-47.7155	-44.3673	15.25
1401169	1	0	-1000010020	-1	-1	Fe	49.0069	571.692	39.8016	0	0	1458.14	311.177	-234.852	1.94172	-21.9012	-39.0417	10.6674
1401169	1	0	-1000010020	-1	-1	Fe	49.1721	531.891	67.1991	0	0	1346.39	318.302	-212.167	3.10523	-18.902	-38.4017	10.1844
1401169	1	0	-1000010020	-1	-1	Fe	49.2399	464.691	26.3907	0	0	1279.84	321.579	-307.997	1.21652	-17.732	-38.125	10
1401169	1	0	-1000010020	0	0	LAr	49.2627	438.301	1.53636	0	0	1278.21	316.863	-304.399	0.40013	-17.3541	-38.0301	9.90906
1401169	1	0	-1000010020	0	0	LAr	49.7736	436.268	38.871	0	0	1203.18	334.004	-299.092	8.95476	-8.88659	-35.931	7.89256
1401169	1	0	-1000010020	0	0	LAr	49.8643	397.397	6.44454	0	0	1193.17	338.049	-281.8	1.53666	-7.44668	-35.5313	7.53462
1401169	1	0	-1000010020	0	0	LAr	49.8983	390.499	2.40593	0	0	1189.42	331.76	-282.849	0.572494	-6.90957	-35.3791	7.40777
1401169	1	0	-1000010020	0	0	LAr	50.43	387.729	42.8932	0	0	1108.88	334.267	-263.343	8.92301	1.46725	-33.0426	5.41573
1401169	1	0	-1000010020	0	0	LAr	50.9339	344.437	40.9004	0	0	1035.95	305.654	-253.299	8.08232	9.01184	-30.7683	3.624
1401169	1	0	-1000010020	0	0	LAr	50.9405	303.536	0.456892	0	0	1033.87	305.277	-255.26	0.100576	9.10576	-30.7406	3.60103
1401169	1	0	-1000010020	0	0	LAr	51.3649	302.727	37.7219	0	0	966.829	273.034	-234.552	6.47179	15.1447	-28.9575	2.11005
1401169	1	0	-1000010020	0	0	LAr	51.7208	265.005	32.9883	0	0	903.001	270.594	-188.535	5.14342	19.9641	-27.5965	0.94086
1401169	1	0	-1000010020	0	0	LAr	52.0196	232.016	28.31	0	0	841.833	275.545	-145.04	4.0858	23.8013	-26.4466	0.139699
1401169	1	0	-1000010020	0	0	LAr	52.2714	203.706	23.8285	0	0	789.069	263.36	-123.002	3.25908	26.8575	-25.4463	-0.38685
1401169	1	0	-1000010020	0	0	LAr	52.4852	179.878	21.8437	0	0	743.521	223.725	-122.144	2.62357	29.3189	-24.6247	-0.770544
1401169	1	0	-1000010020	0	0	LAr	52.6658	158.034	18.2783	0	0	654.908	302.251	-153.385	2.09245	31.2979	-24.0293	-1.09565
1401169	1	0	-1000010020	0	0	LAr	52.8197	139.756	17.4658	0	0	613.302	277.758	-142.839	1.68815	32.7969	-23.3375	-1.44673
1401169	1	0	-1000010020	0	0	LAr	52.9492	122.29	14.3164	0	0	574.855	258.749	-138.86	1.33752	33.9885	-22.7978	-1.72427
1401169	1	0	-1000010020	0	0	LAr	53.0595	107.974	13.1109	0	0	534.499	248.138	-132.622	1.07672	34.9472	-22.3663	-1.95584
1401169	1	0	-1000010020	0	0	LAr	53.153	94.8627	11.5892	0	0	500.351	232.094	-122.858	0.859353	35.7075	-22.0133	-2.14449
1401169	1	0	-1000010020	0	0	LAr	53.2322	83.2736	10.2344	0	0	468.987	221.398	-101.757	0.685119	36.314	-21.732	-2.29341
1401169	1	0	-1000010020	0	0	LAr	53.2993	73.0391	8.90983	0	0	434.704	216.445	-94.1291	0.546047	36.7985	-21.5033	-2.39852
1401169	1	0	-1000010020	0	0	LAr	53.3565	64.1293	8.24813	0	0	400	188.737	-130.859	0.436807	37.1823	-21.3122	-2.48163
1401169	1	0	-1000010020	0	0	LAr	53.4048	55.8811	6.93675	0	0	376.284	175.545	-116.583	0.34584	37.4821	-21.1707	-2.57973
1401169	1	0	-1000010020	0	0	LAr	53.446	48.9444	6.59804	0	0	344.667	163.209	-123.334	0.277113	37.7238	-21.0579	-2.65462
1401169	1	0	-1000010020	0	0	LAr	53.4809	42.3464	5.49433	0	0	317.515	161.169	-113.169	0.218492	37.9117	-20.969	-2.72184
1401169	1	0	-1000010020	0	0	LAr	53.5107	36.852	4.89275	0	0	294.829	149.705	-107.575	0.174792	38.0602	-20.8936	-2.77477
1401169	1	0	-1000010020	0	0	LAr	53.5363	31.9593	4.31007	0	0	279.9	137.289	-85.3855	0.139877	38.1788	-20.8334	-2.81803
1401169	1	0	-1000010020	0	0	LAr	53.5584	27.6492	3.98337	0	0	260.815	119.592	-83.7208	0.112327	38.276	-20.7857	-2.84769
1401169	1	0	-1000010020	0	0	LAr	53.5773	23.6658	3.51256	0	0	234.385	120.923	-80.2923	0.0896032	38.3542	-20.7498	-2.87278
1401169	1	0	-1000010020	0	0	LAr	53.5938	20.1533	3.33433	0	0	211.396	115.503	-73.1113	0.0718018	38.4152	-20.7184	-2.89369
1401169	1	0	-1000010020	0	0	LAr	53.6081	16.8189	2.92795	0	0	188.672	110.177	-67.566	0.0568831	38.4629	-20.6923	-2.9102
1401169	1	0	-1000010020	0	0	LAr	53.6206	13.891	2.74626	0	0	166.658	98.9814	-66.0183	0.0454002	38.5004	-20.6704	-2.92361
1401169	1	0	-1000010020	0	0	LAr	53.6316	11.1447	2.456	0	0	142.862	88.7944	-66.142	0.0360081	38.5297	-20.653	-2.93521
1401169	1	0	-1000010020	0	0	LAr	53.6416	8.68872	2.46208	0	0	118.19	77.5332	-58.4473	0.0286952	38.5523	-20.6389	-2.9457
1401169	1	0	-1000010020	0	0	LAr	53.6507	6.22664	2.53497	0	0	90.3566	58.0924	-48.1963	0.0221649	38.5694	-20.6277	-2.95416
1401169	1	0	-1000010020	0	0	LAr	53.6588	3.69167	2.82076	0	0	45.0376	30.177	-18.13	0.015327	38.5812	-20.6202	-2.96042
1401169	1	0	-1000010020	0	0	LAr	53.6623	0.870908	0.870908	0	0	0	0	-0	0.00316053	38.5836	-20.6185	-2.96141
1401169	1	0	-1000010020	0	0	LAr	53.6623	0	0	0	0	0	0	-0	0	38.5836	-20.6185	-2.96141
1776891	1	0	-1000010020	-1	-12000	Vacuum	0.00032855	664.691	2.97471e-17	0	0	-944.166	1406.15	-257.907	0.00664289	610.171	-808.913	174.9
1776891	1	0	-1000010020	-1	-10005	Plastic	40.488	590.718	3.27474	0	0	-878.102	1304.62	-274.986	0.906182	175	-164.903	40.5726
1776891	1	0	-1000010020	-1	-11004	Plastic	49.8444	587.443	3.79043	0	0	-874.527	1300.07	-274.023	0.909048	75	-16.3299	9.25672
1776891	1	0	-1000010020	-1	-1	Fe	50.2353	583.653	6.48535	0	0	-857.559	1297.4	-282.067	0.304527	70.8326	-10.1346	7.9509
1776891	1	0	-1000010020	-1	-1	Fe	50.3118	577.167	28.6852	0	0	-805.647	1287.15	-229.104	1.47727	70.0311	-8.92209	7.68729
1776891	1	0	-1000010020	-1	-1	Fe	50.3149	548.482	1.10684	0	0	-805.06	1287.65	-216.323	0.0593533	70	-8.87234	7.67844
1776891	1	0	-1000010020	0	0	LAr	50.4958	547.375	13.1333	0	0	-805.321	1260.66	-223.266	3.43283	68.1984	-5.99076	7.19434
1776891	1	0	-1000010020	0	0	LAr	50.5915	533.864	7.0264	0	0	-811.117	1245	-208.499	1.80129	67.2393	-4.48942	6.92844
1776891	1	0	-1000010020	0	0	LAr	50.667	526.329	5.76403	0	0	-805.007	1238.19	-201.135	1.41472	66.4746	-3.31558	6.73186
1776891	1	0	-1000010020	0	0	LAr	50.8208	520.117	10.4679	0	0	-801.665	1220.8	-191.864	2.86815	64.9255	-0.933013	6.34483
1776891	1	0	-1000010020	0	0	LAr	50.8587	509.29	2.77143	0	0	-801.531	1213.51	-197.935	0.702203	64.5434	-0.351055	6.25337
1776891	1	0	-1000010020	0	0	LAr	50.9372	506.017	4.82251	0	0	-871.613	1159.92	-160.091	1.4501	63.7515	0.847863	6.05781
1776891	1	0	-1000010020	0	0	LAr	50.9616	501.08	1.59411	0	0	-871.944	1155.43	-158.847	0.449077	63.4833	1.20471	6.00856
1776891	1	0	-1000010020	0	0	LAr	51.0963	498.933	10.034	0	0	-860.458	1142.22	-160.83	2.47648	62.0005	3.16964	5.73843
1776891	1	0	-1000010020	0	0	LAr	51.6998	488.459	46.0927	0	0	-831.003	1066.94	-155.139	11.0147	55.4152	11.9113	4.50756
1776891	1	0	-1000010020	0	0	LAr	51.8629	441.912	12.0315	0	0	-814.349	1052.15	-158.225	2.87242	53.6618	14.1626	4.18021
1776891	1	0	-1000010020	0	0	LAr	52.217	429.413	27.1267	0	0	-818.978	982.775	-185.278	6.16971	49.9122	19.0071	3.45168
1776891	1	0	-1000010020	0	0	LAr	52.2468	402.286	2.20684	0	0	-813.028	984.752	-167.703	0.508434	49.5901	19.3936	3.3788
1776891	1	0	-1000010020	0	0	LAr	52.4326	399.645	14.9161	0	0	-804.327	956.485	-171.51	3.15315	47.5997	21.8044	2.96826
1776891	1	0	-1000010020	0	0	LAr	53.0167	384.729	47.8403	0	0	-754.784	887.02	-143.995	9.77381	41.3686	29.2142	1.63957
1776891	1	0	-1000010020	0	0	LAr	53.2208	336.889	16.314	0	0	-728.094	870.829	-129.811	3.24576	39.2812	31.6674	1.24134
1776891	1	0	-1000010020	0	0	LAr	53.6788	320.575	38.7391	0	0	-683.915	809.182	-118.934	7.14307	34.7298	37.111	0.429875
1776891	1	0	-1000010020	0	0	LAr	54.0649	281.835	33.3564	0	0	-636.414	757.409	-123.094	5.72076	31.0606	41.4523	-0.208208
1776891	1	0	-1000010020	0	0	LAr	54.3918	248.479	29.2418	0	0	-591.329	713.938	-105.335	4.60117	28.1238	44.9475	-0.776243
1776891	1	0	-1000010020	0	0	LAr	54.6691	219.237	26.2493	0	0	-602.925	617.149	-129.591	3.70318	25.7771	47.7807	-1.19426
1776891	1	0	-1000010020	0	0	LAr	54.9037	192.988	22.7742	0	0	-575.367	560.944	-147.57	2.96621	23.7276	49.8786	-1.63478
1776891	1	0	-1000010020	0	0	LAr	55.1026	170.214	20.4511	0	0	-535.379	526.252	-143.703	2.38233	22.0501	51.514	-2.06501
1776891	1	0	-1000010020	0	0	LAr	55.271	149.763	17.6821	0	0	-506.073	489.053	-132.764	1.90484	20.7161	52.8252	-2.42307
1776891	1	0	-1000010020	0	0	LAr	55.414	132.08	15.1949	0	0	-478.3	455.06	-127.578	1.52972	19.6354	53.8696	-2.7066
1776891	1	0	-1000010020	0	0	LAr	55.5362	116.886	13.615	0	0	-452.92	416.63	-139.065	1.23622	18.7562	54.7061	-2.94111
1776891	1	0	-1000010020	0	0	LAr	55.6404	103.271	12.121	0	0	-421.597	392.459	-135.878	0.996356	18.0411	55.3639	-3.16068
1776891	1	0	-1000010020	0	0	LAr	55.7292	91.1496	11.2222	0	0	-406.527	356.713	-117.073	0.801649	17.4701	55.8954	-3.3447
1776891	1	0	-1000010020	0	0	LAr	55.8044	79.9275	9.30341	0	0	-390.719	326.622	-102.82	0.638087	17.0014	56.3067	-3.47967
1776891	1	0	-1000010020	0	0	LAr	55.8688	70.6241	8.96672	0	0	-364.658	296.798	-118.438	0.515331	16.614	56.6306	-3.58164
1776891	1	0	-1000010020	0	0	LAr	55.9232	61.6573	7.54365	0	0	-346.955	271.298	-109.271	0.408505	16.3068	56.8806	-3.6814
1776891	1	0	-1000010020	0	0	LAr	55.9697	54.1137	6.97514	0	0	-324.316	247.41	-112.501	0.327646	16.0563	57.0764	-3.76028
1776891	1	0	-1000010020	0	0	LAr	56.0092	47.1386	6.15669	0	0	-304.901	226.843	-104.83	0.260409	15.8568	57.2287	-3.8295
1776891	1	0	-1000010020	0	0	LAr	56.0428	40.9819	5.23071	0	0	-283.284	210.65	-103.759	0.207202	15.6966	57.3479	-3.88459
1776891	1	0	-1000010020	0	0	LAr	56.0716	35.7511	4.60437	0	0	-269.552	188.821	-97.453	0.166604	15.5683	57.4432	-3.93155
1776891	1	0	-1000010020	0	0	LAr	56.0965	31.1468	4.23811	0	0	-243.883	181.563	-96.0247	0.134451	15.4628	57.5172	-3.96972
1776891	1	0	-1000010020	0	0	LAr	56.118	26.9087	4.10116	0	0	-216.057	178.861	-86.0487	0.107901	15.3803	57.5786	-4.0022
1776891	1	0	-1000010020	0	0	LAr	56.1364	22.8075	3.60986	0	0	-196.354	166.329	-78.5056	0.085058	15.3177	57.6304	-4.02714
1776891	1	0	-1000010020	0	0	LAr	56.1522	19.1977	3.02189	0	0	-175.76	153.68	-80.1957	0.0673273	15.2685	57.672	-4.04678
1776891	1	0	-1000010020	0	0	LAr	56.166	16.1758	2.9279	0	0	-162.563	131.709	-78.0842	0.0542305	15.2299	57.7058	-4.06439
1776891	1	0	-1000010020	0	0	LAr	56.1782	13.2479	2.73979	0	0	-147.904	115.615	-65.4691	0.0430816	15.1986	57.7312	-4.07945
1776891	1	0	-1000010020	0	0	LAr	56.1889	10.5081	2.54547	0	0	-128.379	101.148	-56.7514	0.0340182	15.1733	57.7509	-4.09064
1776891	1	0	-1000010020	0	0	LAr	56.1986	7.96261	2.51188	0	0	-110.394	77.5126	-47.7668	0.0267052	15.1535	57.7665	-4.0994
1776891	1	0	-1000010020	0	0	LAr	56.2075	5.45072	2.50688	0	0	-75.3321	54.6809	-48.8543	0.0201805	15.138	57.7775	-4.10612
1776891	1	0	-1000010020	0	0	LAr	56.215	2.94384	2.8803	0	0	-13.3126	2.70178	-7.3368	0.0126564	15.1289	57.784	-4.11198
1776891	1	0	-1000010020	0	0	LAr	56.2178	0.0635394	0.0635394	0	0	-0	0	-0	0.000917667	15.1283	57.7841	-4.11231
1776891	1	0	-1000010020	0	0	LAr	56.2178	0	0	0	0	-0	0	-0	0	15.1283	57.7841	-4.11231
2222906	1	0	-1000010020	-1	-12000	Vacuum	0.000275612	653.044	2.50586e-17	0	0	-1017.08	-1322.15	-306.035	0.00554162	653.48	798.919	174.9
2222906	1	0	-1000010020	-1	-10003	Plastic	41.3651	580.663	2.19178	0	0	-953.183	-1233.78	-271.713	0.642018	169.761	175	38.0889
2222906	1	0	-1000010020	-1	-11004	Plastic	49.5032	578.47	2.94809	0	0	-943.555	-1234.92	-273.514	0.830151	75	52.3426	11.0763
2222906	1	0	-1000010020	-1	-1	Fe	49.9364	575.522	34.1204	0	0	-932.334	-1177.77	-260.08	1.6726	70	45.7986	9.62695
2222906	1	0	-1000010020	0	0	LAr	50.1346	541.402	14.0358	0	0	-915.329	-1161.08	-260.472	3.74732	67.7083	42.9036	8.98767
2222906	1	0	-1000010020	0	0	LAr	50.2857	526.826	10.7928	0	0	-913.486	-1138.23	-263.726	2.83115	65.9822	40.714	8.49647
2222906	1	0	-1000010020	0	0	LAr	50.4915	515.514	13.953	0	0	-896.124	-1119.99	-269.575	3.82621	63.6256	37.7776	7.81611
2222906	1	0	-1000010020	0	0	LAr	50.9543	500.943	33.2061	0	0	-848.5	-1102.92	-192.286	8.52066	58.3943	31.2395	6.24242
2222906	1	0	-1000010020	0	0	LAr	51.1832	467.736	17.0559	0	0	-835.644	-1076.14	-188.763	4.1154	55.9086	28.0085	5.67912
2222906	1	0	-1000010020	0	0	LAr	51.9049	450.313	52.787	0	0	-803.854	-985.349	-179.284	12.7964	48.1357	17.9986	3.9233
2222906	1	0	-1000010020	0	0	LAr	51.9518	397.526	2.94914	0	0	-808.739	-973.595	-179.078	0.794434	47.6384	17.389	3.81239
2222906	1	0	-1000010020	0	0	LAr	52.0285	394.175	6.03862	0	0	-808.839	-957.978	-181.377	1.29436	46.8195	16.4032	3.63107
2222906	1	0	-1000010020	0	0	LAr	52.2227	387.739	15.246	0	0	-789.794	-938.28	-173.87	3.25839	44.7392	13.9393	3.16457
2222906	1	0	-1000010020	0	0	LAr	52.7813	372.119	46.5937	0	0	-740.337	-872.882	-130.629	9.23046	38.8548	6.94857	1.86914
2222906	1	0	-1000010020	0	0	LAr	53.2486	325.525	38.3282	0	0	-698.366	-810.936	-120.379	7.33404	34.1423	1.39232	1.03763
2222906	1	0	-1000010020	0	0	LAr	53.6445	287.197	34.6294	0	0	-679.433	-715.719	-193.253	5.90991	30.3105	-3.05708	0.377139
2222906	1	0	-1000010020	0	0	LAr	53.9785	252.568	30.9666	0	0	-627.834	-662.333	-217.999	4.73303	27.1131	-6.42519	-0.532294
2222906	1	0	-1000010020	0	0	LAr	54.0633	221.601	8.27186	0	0	-596.087	-678.552	-173.217	1.13732	26.3522	-7.22799	-0.796522
2222906	1	0	-1000010020	0	0	LAr	54.1828	213.329	11.0346	0	0	-579.234	-628.512	-262.141	1.57634	25.3305	-8.39098	-1.09341
2222906	1	0	-1000010020	0	0	LAr	54.4321	202.17	23.8168	0	0	-539.883	-595.734	-233.409	3.21641	23.2469	-10.6518	-2.03636
2222906	1	0	-1000010020	0	0	LAr	54.6436	178.353	21.3442	0	0	-512.755	-544.641	-232.543	2.58486	21.5803	-12.4909	-2.75691
2222906	1	0	-1000010020	0	0	LAr	54.8226	157.009	18.4025	0	0	-482.364	-502.049	-233.296	2.06879	20.2263	-13.929	-3.37095
2222906	1	0	-1000010020	0	0	LAr	54.9748	138.606	17.0476	0	0	-440.127	-478.961	-218.301	1.664	19.1334	-15.0666	-3.89954
2222906	1	0	-1000010020	0	0	LAr	55.1033	121.559	14.1325	0	0	-410.874	-453.142	-200.914	1.32361	18.2845	-15.9904	-4.32059
2222906	1	0	-1000010020	0	0	LAr	55.2129	107.426	12.892	0	0	-372.232	-435.348	-188.34	1.06723	17.6036	-16.7414	-4.65357
2222906	1	0	-1000010020	0	0	LAr	55.306	94.5343	11.2345	0	0	-356.557	-401.008	-177.412	0.85418	17.0763	-17.358	-4.92033
2222906	1	0	-1000010020	0	0	LAr	55.3853	83.2999	10.2389	0	0	-338.073	-371.407	-164.831	0.685495	16.6439	-17.8443	-5.13547
2222906	1	0	-1000010020	0	0	LAr	55.4524	73.061	8.84302	0	0	-302.645	-359.293	-155.996	0.546328	16.2946	-18.228	-5.30579
2222906	1	0	-1000010020	0	0	LAr	55.5097	64.2179	7.9638	0	0	-285.973	-337.991	-134.789	0.437838	16.027	-18.5458	-5.44375
2222906	1	0	-1000010020	0	0	LAr	55.5583	56.2541	7.10595	0	0	-256.016	-325.849	-122.718	0.349738	15.8109	-18.8011	-5.54559
2222906	1	0	-1000010020	0	0	LAr	55.5998	49.1482	6.15917	0	0	-229.48	-313.753	-109.579	0.279029	15.6456	-19.0115	-5.6248
2222906	1	0	-1000010020	0	0	LAr	55.6353	42.989	5.35766	0	0	-213.81	-291.419	-109.271	0.223909	15.5185	-19.1854	-5.68553
2222906	1	0	-1000010020	0	0	LAr	55.6658	37.6314	4.96134	0	0	-190.78	-277.468	-101.165	0.180705	15.4162	-19.3248	-5.73781
2222906	1	0	-1000010020	0	0	LAr	55.692	32.67	4.54706	0	0	-167.86	-261.767	-97.9157	0.144711	15.3377	-19.439	-5.77944
2222906	1	0	-1000010020	0	0	LAr	55.7144	28.1229	3.9698	0	0	-151.244	-245.529	-89.5985	0.115206	15.2784	-19.5315	-5.81403
2222906	1	0	-1000010020	0	0	LAr	55.7338	24.1531	3.60816	0	0	-142.331	-225.562	-79.7146	0.0922396	15.2322	-19.6064	-5.84139
2222906	1	0	-1000010020	0	0	LAr	55.7505	20.545	3.34912	0	0	-136.643	-203.72	-68.0306	0.0736817	15.1945	-19.6661	-5.86248
2222906	1	0	-1000010020	0	0	LAr	55.765	17.1959	2.95076	0	0	-128.167	-180.397	-68.3344	0.0584716	15.1631	-19.7129	-5.8781
2222906	1	0	-1000010020	0	0	LAr	55.7777	14.2451	2.70614	0	0	-116.785	-163.774	-54.385	0.0467083	15.1373	-19.7493	-5.89188
2222906	1	0	-1000010020	0	0	LAr	55.789	11.539	2.63271	0	0	-104.252	-140.788	-52.9058	0.0372752	15.1164	-19.7785	-5.9016
2222906	1	0	-1000010020	0	0	LAr	55.799	8.90625	2.42971	0	0	-88.355	-119.963	-46.251	0.0293051	15.0997	-19.8011	-5.91007
2222906	1	0	-1000010020	0	0	LAr	55.8082	6.47654	2.52122	0	0	-68.7987	-93.751	-36.4754	0.0228055	15.0868	-19.8186	-5.91682
2222906	1	0	-1000010020	0	0	LAr	55.8165	3.95532	2.7538	0	0	-39.4257	-52.2985	-14.8023	0.0161349	15.0777	-19.831	-5.92164
2222906	1	0	-1000010020	0	0	LAr	55.8205	1.20152	1.20152	0	0	-0	-0	-0	0.00435199	15.0752	-19.8343	-5.92259
2222906	1	0	-1000010020	0	0	LAr	55.8205	0	0	0	0	-0	-0	-0	0	15.0752	-19.8343	-5.92259
2767580	1	0	-1000010020	-1	-12000	Vacuum	0.000248006	674.882	2.23749e-17	0	0	-852.09	-1464.03	-343.038	0.00503829	492.294	867.95	174.9
2767580	1	0	-1000010020	-1	-10003	Plastic	40.7663	611.729	1.82965	0	0	-779.446	-1407.83	-265.201	0.579227	108.469	175	42.9379
2767580	1	0	-1000010020	-1	-11000	Plastic	49.4085	609.899	9.6957	0	0	-780.966	-1390.13	-258.564	2.80448	27.2218	28.2512	15.294
2767580	1	0	-1000010020	-1	-11000	Plastic	49.4225	599.694	1.02582	0	0	-780.977	-1388.31	-258.478	0.274651	27.089	28.0148	15.25
2767580	1	0	-1000010020	-1	-1	Fe	50.9722	598.668	76.2569	0	0	-641.985	-1328.97	-233.016	3.76812	12.4247	1.94668	10.3966
2767580	1	0	-1000010020	-1	-1	Fe	51.0278	522.412	21.4073	0	0	-699.242	-1255.22	-256.637	1.03775	11.9788	1.02375	10.2348
2767580	1	0	-1000010020	-1	-1	Fe	51.1003	501.004	29.3552	0	0	-641.896	-1236.16	-227.121	1.33548	11.3391	-0.124615	10
2767580	1	0	-1000010020	0	0	LAr	51.19	471.649	6.51221	0	0	-641.081	-1224.38	-222.34	1.61777	10.6033	-1.54162	9.73965
2767580	1	0	-1000010020	0	0	LAr	51.721	464.783	39.2983	0	0	-639.563	-1152.07	-197.131	9.52123	6.24333	-9.86864	8.22752
2767580	1	0	-1000010020	0	0	LAr	52.0055	425.061	21.4514	0	0	-624.55	-1116.51	-195.893	4.94092	3.87172	-14.1407	7.49652
2767580	1	0	-1000010020	0	0	LAr	52.6275	403.193	48.5692	0	0	-536.571	-1062.66	-197.185	10.5919	-1.23879	-23.2768	5.89358
2767580	1	0	-1000010020	0	0	LAr	52.8824	354.624	20.7791	0	0	-523.347	-1025.54	-195.318	4.13426	-3.07705	-26.9174	5.21804
2767580	1	0	-1000010020	0	0	LAr	53.3657	333.844	39.6849	0	0	-492.42	-950.226	-211.142	7.65955	-6.50911	-33.6428	3.93716
2767580	1	0	-1000010020	0	0	LAr	53.4788	294.16	10.6655	0	0	-475.656	-938.127	-193.62	1.70379	-7.27817	-35.1269	3.6074
2767580	1	0	-1000010020	0	0	LAr	53.8678	283.494	33.964	0	0	-446.734	-880.718	-151.898	5.779	-9.84796	-40.1952	2.56135
2767580	1	0	-1000010020	0	0	LAr	54.1966	249.53	30.7882	0	0	-390.341	-835.412	-134.607	4.63492	-11.92	-44.2801	1.85683
2767580	1	0	-1000010020	0	0	LAr	54.4731	218.742	26.4401	0	0	-365.455	-779.474	-131.186	3.68866	-13.4648	-47.5863	1.3241
2767580	1	0	-1000010020	0	0	LAr	54.7066	192.302	23.995	0	0	-327.046	-732.944	-124.571	2.94785	-14.7017	-50.2245	0.8801
2767580	1	0	-1000010020	0	0	LAr	54.9026	168.307	20.2306	0	0	-314.165	-684.897	-98.0311	2.33589	-15.6421	-52.3321	0.5219
2767580	1	0	-1000010020	0	0	LAr	55.0685	148.076	18.3104	0	0	-288.038	-641.69	-94.2783	1.86753	-16.4141	-54.015	0.281011
2767580	1	0	-1000010020	0	0	LAr	55.2083	129.766	15.1503	0	0	-273.899	-600.456	-86.7017	1.48327	-17.016	-55.356	0.0839948
2767580	1	0	-1000010020	0	0	LAr	55.3274	114.615	14.2782	0	0	-246.795	-562.666	-94.6293	1.1947	-17.5075	-56.4335	-0.0715882
2767580	1	0	-1000010020	0	0	LAr	55.4278	100.337	11.6901	0	0	-229.742	-528.211	-92.7664	0.947573	-17.8836	-57.291	-0.215802
2767580	1	0	-1000010020	0	0	LAr	55.5136	88.6471	10.4582	0	0	-226.551	-490.843	-84.6495	0.763749	-18.1843	-57.9823	-0.337215
2767580	1	0	-1000010020	0	0	LAr	55.5867	78.1889	9.29515	0	0	-209.957	-460.102	-86.0623	0.614244	-18.4386	-58.5332	-0.432218
2767580	1	0	-1000010020	0	0	LAr	55.6492	68.8937	8.33067	0	0	-199.606	-428.953	-83.7281	0.493826	-18.6406	-58.976	-0.515044
2767580	1	0	-1000010020	0	0	LAr	55.7024	60.563	7.68485	0	0	-175.652	-403.985	-84.2398	0.396259	-18.8052	-59.3297	-0.584082
2767580	1	0	-1000010020	0	0	LAr	55.7476	52.8782	6.90932	0	0	-175.568	-370.914	-78.4317	0.315204	-18.9286	-59.6135	-0.643272
2767580	1	0	-1000010020	0	0	LAr	55.7859	45.9689	5.81055	0	0	-161.276	-346.167	-80.0891	0.249854	-19.0336	-59.8353	-0.690165
2767580	1	0	-1000010020	0	0	LAr	55.8188	40.1583	5.41134	0	0	-151.891	-322.512	-66.8313	0.200527	-19.1165	-60.0131	-0.731314
2767580	1	0	-1000010020	0	0	LAr	55.8468	34.747	4.5491	0	0	-143.179	-300.731	-57.0234	0.159302	-19.1832	-60.1548	-0.760659
2767580	1	0	-1000010020	0	0	LAr	55.8709	30.1979	4.10743	0	0	-131.412	-280.549	-50.747	0.128251	-19.2375	-60.2689	-0.782295
2767580	1	0	-1000010020	0	0	LAr	55.8917	26.0905	4.06093	0	0	-122.003	-257.029	-46.6326	0.103118	-19.2806	-60.361	-0.798959
2767580	1	0	-1000010020	0	0	LAr	55.9095	22.0295	3.22798	0	0	-112.883	-236.323	-47.8664	0.0810469	-19.3149	-60.4332	-0.812064
2767580	1	0	-1000010020	0	0	LAr	55.925	18.8015	3.12214	0	0	-104.618	-218.76	-16.1825	0.0655191	-19.3427	-60.4914	-0.823839
2767580	1	0	-1000010020	0	0	LAr	55.9386	15.6794	2.80552	0	0	-96.7318	-197.054	-16.4643	0.0522334	-19.3652	-60.5384	-0.827316
2767580	1	0	-1000010020	0	0	LAr	55.9505	12.8739	2.59906	0	0	-85.1928	-176.241	-18.1624	0.0417669	-19.3835	-60.5757	-0.830438
2767580	1	0	-1000010020	0	0	LAr	55.9612	10.2748	2.60598	0	0	-74.9631	-151.422	-16.6824	0.0333062	-19.3979	-60.6056	-0.833513
2767580	1	0	-1000010020	0	0	LAr	55.9708	7.66883	2.43436	0	0	-52.8183	-129.09	-14.4564	0.0259182	-19.4094	-60.6287	-0.836058
2767580	1	0	-1000010020	0	0	LAr	55.9795	5.23447	2.64351	0	0	-35.4343	-91.8846	-5.25503	0.0196236	-19.4167	-60.6467	-0.838078
2767580	1	0	-1000010020	0	0	LAr	55.9865	2.59096	2.59096	0	0	-0	-0	-0	0.0110693	-19.4207	-60.657	-0.838665
2767580	1	0	-1000010020	0	0	LAr	55.9865	0	0	0	0	-0	-0	-0	0	-19.4207	-60.657	-0.838665
3344902	1	0	-1000010020	-1	-12000	Vacuum	0.000198994	664.163	1.80204e-17	0	0	1658.49	-26.3954	-425.731	0.00402242	-691.859	28.4478	174.9
3344902	1	0	-1000010020	-1	-10004	Plastic	27.0015	615.526	1.60512	0	0	1587.63	-39.09	-397.192	0.515581	-175	15.8095	45.5046
3344902	1	0	-1000010020	-1	-11000	Plastic	33.3269	613.921	6.64141	0	0	1579.04	-37.2726	-389.947	2.06071	-54.0682	12.832	15.25
3344902	1	0	-1000010020	-1	-1	Fe	34.268	607.279	14.101	0	0	1561.87	-49.96	-367.512	0.754089	-36.1265	12.4085	10.8193
3344902	1	0	-1000010020	-1	-1	Fe	34.4516	593.178	73.0313	0	0	1450.16	-78.9031	-335.471	3.57939	-32.6447	12.2971	10
3344902	1	0	-1000010020	0	0	LAr	34.6555	520.147	14.2106	0	0	1427.77	-66.0898	-330.487	3.80428	-28.9437	12.0957	9.14382
3344902	1	0	-1000010020	0	0	LAr	34.7019	505.573	2.94224	0	0	1421.85	-66.6187	-331.579	0.856528	-28.11	12.0571	8.95086
3344902	1	0	-1000010020	0	0	LAr	35.5378	502.192	61.375	0	0	1326.5	-96.232	-281.157	15.4059	-13.1245	11.355	5.45619
3344902	1	0	-1000010020	0	0	LAr	35.7129	440.817	12.8242	0	0	1297.06	-83.8727	-311.713	3.08072	-10.1184	11.1369	4.81903
3344902	1	0	-1000010020	0	0	LAr	36.322	427.536	46.2492	0	0	1220.79	-32.9084	-290.278	10.5983	0.16482	10.472	2.34776
3344902	1	0	-1000010020	0	0	LAr	36.6281	381.287	23.5872	0	0	1182.35	-25.9029	-263.162	5.10453	5.1288	10.3382	1.16743
3344902	1	0	-1000010020	0	0	LAr	36.7072	357.278	6.01874	0	0	1170.3	-24.4428	-263.023	1.28634	6.3841	10.3107	0.888028
3344902	1	0	-1000010020	0	0	LAr	36.9569	350.887	19.4402	0	0	1135.1	-22.6409	-253.437	4.03418	10.319	10.2285	0.00366717
3344902	1	0	-1000010020	0	0	LAr	37.4139	331.447	39.303	0	0	1060.86	-35.2751	-233.608	7.22183	17.3649	10.0879	-1.5695
3344902	1	0	-1000010020	0	0	LAr	37.8188	292.144	36.8422	0	0	988.605	-25.3968	-211.864	6.08662	23.305	9.89042	-2.87755
3344902	1	0	-1000010020	0	0	LAr	37.958	255.301	11.9355	0	0	968.042	-12.3033	-186.789	1.98157	25.2419	9.84067	-3.29263
3344902	1	0	-1000010020	0	0	LAr	38.2761	243.366	29.2965	0	0	897.354	-5.48459	-208.741	4.43842	29.5988	9.78529	-4.13333
3344902	1	0	-1000010020	0	0	LAr	38.5449	214.069	25.548	0	0	837.471	12.6324	-203.001	3.55284	33.0587	9.76415	-4.93815
3344902	1	0	-1000010020	0	0	LAr	38.7723	188.521	23.0424	0	0	784.613	-6.8428	-180.185	2.84752	35.8253	9.80588	-5.60877
3344902	1	0	-1000010020	0	0	LAr	38.9641	165.479	19.1024	0	0	730.358	16.2198	-191.915	2.26774	38.035	9.78661	-6.11623
3344902	1	0	-1000010020	0	0	LAr	39.1275	146.376	18.175	0	0	681.134	30.6282	-180.185	1.83025	39.8044	9.8259	-6.58118
3344902	1	0	-1000010020	0	0	LAr	39.2651	128.201	15.2759	0	0	637.533	18.5958	-171.952	1.45223	41.2068	9.88896	-6.95216
3344902	1	0	-1000010020	0	0	LAr	39.382	112.926	13.298	0	0	596.612	10.5982	-166.11	1.16419	42.3302	9.92173	-7.25515
3344902	1	0	-1000010020	0	0	LAr	39.4815	99.6276	12.0835	0	0	561.132	17.3261	-144.541	0.93593	43.2315	9.93774	-7.5061
3344902	1	0	-1000010020	0	0	LAr	39.5659	87.5441	10.6866	0	0	512.188	3.56861	-178.513	0.747301	43.9547	9.96007	-7.69239
3344902	1	0	-1000010020	0	0	LAr	39.6375	76.8575	9.71862	0	0	477.549	3.66327	-168.209	0.596263	44.5176	9.96399	-7.88858
3344902	1	0	-1000010020	0	0	LAr	39.698	67.1388	8.26099	0	0	446.178	-3.01265	-158.894	0.472448	44.9631	9.96741	-8.04551
3344902	1	0	-1000010020	0	0	LAr	39.7494	58.8778	7.48814	0	0	416.908	-6.15012	-146.851	0.377741	45.3189	9.96501	-8.1722
3344902	1	0	-1000010020	0	0	LAr	39.7931	51.3897	6.39508	0	0	391.11	3.98566	-133.516	0.300518	45.6023	9.96083	-8.27201
3344902	1	0	-1000010020	0	0	LAr	39.8305	44.9946	5.66323	0	0	365.727	4.84926	-123.726	0.241222	45.8305	9.96315	-8.34992
3344902	1	0	-1000010020	0	0	LAr	39.8626	39.3314	5.25868	0	0	339.824	7.06684	-115.954	0.193931	46.0141	9.96559	-8.41205
3344902	1	0	-1000010020	0	0	LAr	39.8899	34.0727	4.42129	0	0	317.216	5.68637	-107.005	0.15449	46.1603	9.96863	-8.46191
3344902	1	0	-1000010020	0	0	LAr	39.9136	29.6514	4.22232	0	0	292.744	4.27012	-101.586	0.124747	46.2784	9.97074	-8.50177
3344902	1	0	-1000010020	0	0	LAr	39.9339	25.4291	3.52398	0	0	269.525	-0.739523	-100.033	0.0993332	46.3722	9.97211	-8.53432
3344902	1	0	-1000010020	0	0	LAr	39.9516	21.9051	3.48802	0	0	245.063	-7.03397	-96.5436	0.0804152	46.4476	9.97191	-8.56229
3344902	1	0	-1000010020	0	0	LAr	39.9669	18.4171	3.25705	0	0	218.457	-4.14641	-96.7362	0.0637906	46.5069	9.9702	-8.58566
3344902	1	0	-1000010020	0	0	LAr	39.9802	15.1601	2.63002	0	0	196.023	-11.1973	-92.789	0.0501907	46.5528	9.96933	-8.60597
3344902	1	0	-1000010020	0	0	LAr	39.9919	12.53	2.69485	0	0	175.005	-9.08805	-79.2549	0.04058	46.5894	9.96724	-8.6233
3344902	1	0	-1000010020	0	0	LAr	40.0024	9.8352	2.5178	0	0	148.564	-9.09619	-73.1363	0.0319888	46.6185	9.96573	-8.63647
3344902	1	0	-1000010020	0	0	LAr	40.0118	7.3174	2.42824	0	0	123.114	-6.54354	-56.2538	0.0249885	46.6408	9.96436	-8.64748
3344902	1	0	-1000010020	0	0	LAr	40.0205	4.88917	2.67364	0	0	83.2858	-4.15092	-36.9066	0.0187236	46.6578	9.96346	-8.65524
3344902	1	0	-1000010020	0	0	LAr	40.0267	2.21553	2.21553	0	0	0	-0	-0	0.00905616	46.666	9.96305	-8.65889
3344902	1	0	-1000010020	0	0	LAr	40.0267	0	0	0	0	0	-0	-0	0	46.666	9.96305	-8.65889
3646239	1	0	-1000010020	-1	-12000	Vacuum	0.000448691	690.653	4.0266e-17	0	0	703.862	1592.47	-190.78	0.00918078	-346.121	-756.706	174.9
3646239	1	0	-1000010020	-1	-10002	Plastic	33.422	591.05	1.89612	0	0	646.459	1425.63	-326.842	0.560876	-82.2497	-175	45.4568
3646239	1	0	-1000010020	-1	-11000	Plastic	40.9317	589.154	2.32881	0	0	644.065	1421.18	-330.228	0.722483	-23.2007	-44.7799	15.6023
3646239	1	0	-1000010020	-1	-11000	Plastic	41.0194	586.406	5.6434	0	0	640.86	1412.54	-331.49	1.70166	-22.5135	-43.2635	15.25
3646239	1	0	-1000010020	-1	-1	Fe	42.1072	580.763	15.4361	0	0	648.71	1375.56	-356.77	0.723691	-14.0047	-24.509	10.8488
3646239	1	0	-1000010020	-1	-1	Fe	42.2214	565.326	46.5148	0	0	707.489	1261.32	-351.948	2.19102	-13.095	-22.58	10.3484
3646239	1	0	-1000010020	-1	-1	Fe	42.3005	518.812	30.1838	0	0	689.486	1219.22	-331.409	1.47371	-12.3945	-21.3312	10
3646239	1	0	-1000010020	0	0	LAr	42.769	488.628	33.6895	0	0	662.51	1170.57	-319.745	8.55147	-8.29849	-14.0882	8.03119
3646239	1	0	-1000010020	0	0	LAr	42.8387	454.475	5.29283	0	0	659.6	1162.55	-313.369	1.24016	-7.70421	-13.0382	7.74437
3646239	1	0	-1000010020	0	0	LAr	43.0191	448.762	13.0756	0	0	655.681	1141.6	-298.249	3.19349	-6.16995	-10.3341	7.01546
3646239	1	0	-1000010020	0	0	LAr	43.0455	435.241	1.50636	0	0	655.211	1139.66	-291.551	0.463422	-5.94485	-9.94213	6.91307
3646239	1	0	-1000010020	0	0	LAr	43.0807	433.295	2.80782	0	0	646.019	1140.22	-284.77	0.615024	-5.64559	-9.42159	6.77991
3646239	1	0	-1000010020	0	0	LAr	43.4523	430.13	28.5265	0	0	620.784	1099.08	-272.831	6.48087	-2.52393	-3.9119	5.40386
3646239	1	0	-1000010020	0	0	LAr	43.4917	401.603	2.9878	0	0	619.409	1094.32	-266.944	0.668488	-2.20259	-3.34299	5.26263
3646239	1	0	-1000010020	0	0	LAr	43.5071	398.235	1.08686	0	0	618.421	1091.94	-266.282	0.261232	-2.07672	-3.1206	5.20838
3646239	1	0	-1000010020	0	0	LAr	44.0427	396.746	41.3891	0	0	583.254	1029.97	-237.655	9.06677	2.29352	4.5959	3.32663
3646239	1	0	-1000010020	0	0	LAr	44.2797	354.952	19.5258	0	0	569.896	997.376	-222.853	3.84608	4.15151	7.87692	2.56957
3646239	1	0	-1000010020	0	0	LAr	44.472	335.072	15.6629	0	0	587.019	967.292	-141.251	3.05084	5.6373	10.4772	1.98857
3646239	1	0	-1000010020	0	0	LAr	44.6796	319.409	16.7031	0	0	551.034	952.041	-130.878	3.23374	7.30195	13.2202	1.58801
3646239	1	0	-1000010020	0	0	LAr	45.104	302.706	36.9483	0	0	508.347	888.766	-138.646	6.47104	10.5203	18.7807	0.823608
3646239	1	0	-1000010020	0	0	LAr	45.3628	265.758	23.3103	0	0	490.488	843.102	-129.833	3.7442	12.3623	22.001	0.321236
3646239	1	0	-1000010020	0	0	LAr	45.6794	242.447	28.5117	0	0	466.009	783.464	-131.564	4.40945	14.5598	25.7785	-0.260468
3646239	1	0	-1000010020	0	0	LAr	45.9479	213.936	23.9788	0	0	433.899	740.85	-107.372	3.54899	16.3552	28.7969	-0.76734
3646239	1	0	-1000010020	0	0	LAr	46.1776	189.957	23.4068	0	0	413.233	686.739	-100.668	2.88546	17.8019	31.2671	-1.12534
3646239	1	0	-1000010020	0	0	LAr	46.371	166.55	19.8454	0	0	393.756	637.886	-99.5115	2.29345	18.975	33.2166	-1.41111
3646239	1	0	-1000010020	0	0	LAr	46.5349	146.705	18.7232	0	0	372.512	586.829	-115.47	1.83742	19.9316	34.7662	-1.65286
3646239	1	0	-1000010020	0	0	LAr	46.6722	127.982	15.3678	0	0	353.929	546.961	-103.387	1.44789	20.6969	35.9719	-1.8901
3646239	1	0	-1000010020	0	0	LAr	46.7886	112.614	13.1322	0	0	335.601	507.262	-114.595	1.15859	21.3184	36.9324	-2.07166
3646239	1	0	-1000010020	0	0	LAr	46.888	99.4816	12.1345	0	0	324.518	465.256	-116.246	0.933542	21.8245	37.6973	-2.24447
3646239	1	0	-1000010020	0	0	LAr	46.9721	87.3471	10.3851	0	0	295.449	441.005	-113.355	0.74438	22.2416	38.2953	-2.39388
3646239	1	0	-1000010020	0	0	LAr	47.0438	76.962	9.59522	0	0	276.54	413.454	-99.1328	0.597666	22.5669	38.7808	-2.51867
3646239	1	0	-1000010020	0	0	LAr	47.1046	67.3668	8.04443	0	0	257.403	386.187	-103.217	0.4752	22.8259	39.1681	-2.61153
3646239	1	0	-1000010020	0	0	LAr	47.1565	59.3223	7.16704	0	0	235.766	356.079	-126.445	0.382585	23.033	39.4788	-2.69457
3646239	1	0	-1000010020	0	0	LAr	47.2009	52.1553	6.68391	0	0	223.192	330.392	-116.909	0.30803	23.196	39.725	-2.782
3646239	1	0	-1000010020	0	0	LAr	47.2388	45.4714	5.64048	0	0	215.266	309.665	-93.644	0.245428	23.3278	39.9201	-2.85104
3646239	1	0	-1000010020	0	0	LAr	47.2713	39.8309	5.40192	0	0	199.067	288.262	-87.2546	0.197903	23.4374	40.0778	-2.89872
3646239	1	0	-1000010020	0	0	LAr	47.299	34.429	4.58605	0	0	181.673	272.842	-73.4212	0.157023	23.524	40.2031	-2.93666
3646239	1	0	-1000010020	0	0	LAr	47.3229	29.8429	4.12287	0	0	171.944	249.841	-71.8187	0.125969	23.5921	40.3054	-2.96418
3646239	1	0	-1000010020	0	0	LAr	47.3434	25.7201	3.79402	0	0	159.942	231.11	-61.1338	0.100989	23.6478	40.3863	-2.98745
3646239	1	0	-1000010020	0	0	LAr	47.3611	21.926	3.2363	0	0	143.903	216.284	-54.5174	0.0805212	23.6926	40.451	-3.00455
3646239	1	0	-1000010020	0	0	LAr	47.3766	18.6897	3.12475	0	0	136.221	193.534	-51.1716	0.0650138	23.7278	40.504	-3.0179
3646239	1	0	-1000010020	0	0	LAr	47.3901	15.565	2.83081	0	0	127.543	171.771	-46.4612	0.0517793	23.7569	40.5453	-3.02884
3646239	1	0	-1000010020	0	0	LAr	47.4019	12.7342	2.612	0	0	117.522	149.963	-42.1052	0.0412821	23.7809	40.5777	-3.0376
3646239	1	0	-1000010020	0	0	LAr	47.4125	10.1222	2.41912	0	0	103.726	128.963	-39.5564	0.0328452	23.8007	40.6029	-3.04468
3646239	1	0	-1000010020	0	0	LAr	47.4221	7.70306	2.5475	0	0	83.8757	105.997	-33.1006	0.0260094	23.8166	40.6226	-3.05072
3646239	1	0	-1000010020	0	0	LAr	47.4309	5.15556	2.59783	0	0	54.4941	78.557	-21.4554	0.0194193	23.8282	40.6374	-3.05533
3646239	1	0	-1000010020	0	0	LAr	47.4378	2.55772	2.55772	0	0	0	0	-0	0.0109035	23.8343	40.6461	-3.05771
3646239	1	0	-1000010020	0	0	LAr	47.4378	0	0	0	0	0	0	-0	0	23.8343	40.6461	-3.05771
4142375	1	0	-1000010020	-1	-12000	Vacuum	0.000145282	659.641	1.31776e-17	0	0	390.399	1555.11	-582.089	0.0029304	-96.5957	-534.093	174.9
4142375	1	0	-1000010020	-1	-10002	Plastic	19.6703	625.142	1.68621	0	0	410.078	1520.43	-497.529	0.543185	-0.0348339	-175	56.7258
4142375	1	0	-1000010020	-1	-11000	Plastic	26.6194	623.456	5.6236	0	0	408.607	1512.46	-494.809	1.65952	34.1507	-48.2514	15.25
4142375	1	0	-1000010020	-1	-1	Fe	27.5019	617.832	65.1792	0	0	385.213	1422.14	-455.725	3.32105	38.486	-32.2039	10
4142375	1	0	-1000010020	0	0	LAr	27.9436	552.653	32.2772	0	0	374.158	1379.66	-420.154	8.41067	40.5867	-24.4488	7.51487
4142375	1	0	-1000010020	0	0	LAr	28.1402	519.78	14.5758	0	0	382.33	1351.39	-418.595	3.66562	41.5071	-21.0547	6.48123
4142375	1	0	-1000010020	0	0	LAr	28.1511	504.636	0.905279	0	0	387.177	1347.85	-418.211	0.202838	41.56	-20.8676	6.4233
4142375	1	0	-1000010020	0	0	LAr	28.1769	503.341	1.68352	0	0	383.134	1345.11	-418.583	0.475661	41.6859	-20.4295	6.28736
4142375	1	0	-1000010020	0	0	LAr	28.4072	501.204	15.5199	0	0	390.911	1316.94	-410.304	4.23954	42.7985	-16.5235	5.07185
4142375	1	0	-1000010020	0	0	LAr	29.2052	485.196	60.5281	0	0	357.551	1224.6	-381.93	14.5309	46.7599	-3.17792	0.913926
4142375	1	0	-1000010020	0	0	LAr	29.2315	424.668	1.74187	0	0	326.379	1249.31	-313.165	0.456031	46.8823	-2.75856	0.783135
4142375	1	0	-1000010020	0	0	LAr	29.4232	422.926	14.1315	0	0	326.153	1221.87	-315.493	3.32255	47.6984	0.365397	4.76016e-05
4142375	1	0	-1000010020	0	0	LAr	29.662	408.42	19.0873	0	0	337.233	1187.44	-293.989	4.08679	48.721	4.19632	-0.989113
4142375	1	0	-1000010020	0	0	LAr	30.2547	388.918	46.3346	0	0	336.862	1121.56	-176.359	9.95712	51.3668	13.5126	-3.29566
4142375	1	0	-1000010020	0	0	LAr	30.6754	342.584	33.6594	0	0	303.417	1063.18	-174.031	6.73503	53.2824	19.8902	-4.2985
4142375	1	0	-1000010020	0	0	LAr	31.1107	308.561	37.2394	0	0	297.119	990.836	-146.186	6.68827	55.0952	26.2425	-5.3383
4142375	1	0	-1000010020	0	0	LAr	31.4413	271.322	28.9213	0	0	298.408	926.257	-145.115	4.82311	56.4667	30.8163	-6.0131
4142375	1	0	-1000010020	0	0	LAr	31.7578	242.401	28.7894	0	0	273.749	867.4	-140.044	4.40797	57.8034	34.9653	-6.66313
4142375	1	0	-1000010020	0	0	LAr	32.0258	213.611	26.4238	0	0	249.222	810.647	-134.02	3.53964	58.8561	38.301	-7.20168
4142375	1	0	-1000010020	0	0	LAr	32.1342	187.187	10.3766	0	0	240.104	794.939	-70.2932	1.35343	59.249	39.5787	-7.41292
4142375	1	0	-1000010020	0	0	LAr	32.3433	176.811	21.6339	0	0	235.807	739.047	-66.2446	2.54595	59.9824	42.0068	-7.62763
4142375	1	0	-1000010020	0	0	LAr	32.5196	155.177	18.8817	0	0	240.394	685.203	-50.5759	2.02679	60.5961	43.9303	-7.80004
4142375	1	0	-1000010020	0	0	LAr	32.6686	136.295	15.9145	0	0	226.39	643.585	-24.751	1.61588	61.1297	45.4511	-7.9123
4142375	1	0	-1000010020	0	0	LAr	32.7955	120.381	14.3567	0	0	440.79	452.912	-97.6512	1.30134	61.5611	46.6777	-7.95947
4142375	1	0	-1000010020	0	0	LAr	32.9033	106.024	12.6009	0	0	408.372	426.33	-103.218	1.04309	62.2799	47.4163	-8.11872
4142375	1	0	-1000010020	0	0	LAr	32.995	93.4231	11.3879	0	0	385.387	394.939	-99.8133	0.836774	62.85	48.0114	-8.2628
4142375	1	0	-1000010020	0	0	LAr	33.0727	82.0353	9.92394	0	0	349.839	381.65	-87.5303	0.66754	63.3087	48.4815	-8.3816
4142375	1	0	-1000010020	0	0	LAr	33.1387	72.1114	8.84388	0	0	335.748	351.067	-73.2001	0.534151	63.6645	48.8696	-8.47062
4142375	1	0	-1000010020	0	0	LAr	33.1949	63.2675	7.40736	0	0	313.504	328.973	-78.4606	0.42684	63.9562	49.1746	-8.53421
4142375	1	0	-1000010020	0	0	LAr	33.2432	55.8601	7.06365	0	0	286.575	312.785	-73.9447	0.34562	64.1911	49.4211	-8.593
4142375	1	0	-1000010020	0	0	LAr	33.2843	48.7965	6.15812	0	0	265.203	293.116	-74.2599	0.275726	64.3745	49.6213	-8.64033
4142375	1	0	-1000010020	0	0	LAr	33.3194	42.6383	5.58821	0	0	247.861	269.434	-79.5391	0.220945	64.5202	49.7823	-8.68112
4142375	1	0	-1000010020	0	0	LAr	33.3495	37.0501	4.78799	0	0	233.917	250.018	-69.5501	0.176286	64.6368	49.9091	-8.71854
4142375	1	0	-1000010020	0	0	LAr	33.3753	32.2621	4.04214	0	0	220.493	230.912	-68.6891	0.141927	64.7318	50.0106	-8.74678
4142375	1	0	-1000010020	0	0	LAr	33.3978	28.22	4.02151	0	0	204.502	213.73	-62.1137	0.1158	64.8099	50.0925	-8.77113
4142375	1	0	-1000010020	0	0	LAr	33.4172	24.1985	3.67975	0	0	179.33	205.273	-55.6345	0.092487	64.8725	50.1578	-8.79013
4142375	1	0	-1000010020	0	0	LAr	33.4339	20.5187	3.31621	0	0	168.176	184.06	-51.6251	0.073555	64.9199	50.2121	-8.80484
4142375	1	0	-1000010020	0	0	LAr	33.4484	17.2025	3.00873	0	0	149.752	169.216	-48.8473	0.0585	64.9585	50.2544	-8.81669
4142375	1	0	-1000010020	0	0	LAr	33.4611	14.1938	2.71176	0	0	133.621	155.634	-33.5707	0.0465174	64.9886	50.2884	-8.82652
4142375	1	0	-1000010020	0	0	LAr	33.4723	11.482	2.678	0	0	122.961	130.307	-31.6852	0.0370906	65.0125	50.3162	-8.8325
4142375	1	0	-1000010020	0	0	LAr	33.4823	8.80405	2.45972	0	0	104.137	110.262	-28.9309	0.0290177	65.0321	50.3369	-8.83755
4142375	1	0	-1000010020	0	0	LAr	33.4915	6.34433	2.5423	0	0	84.8954	81.4864	-20.7238	0.0224663	65.0472	50.353	-8.84176
4142375	1	0	-1000010020	0	0	LAr	33.4997	3.80203	2.83484	0	0	40.845	40.5459	-17.7984	0.0156712	65.0583	50.3636	-8.84447
4142375	1	0	-1000010020	0	0	LAr	33.5033	0.967187	0.967187	0	0	0	0	-0	0.00348876	65.0606	50.366	-8.84549
4142375	1	0	-1000010020	0	0	LAr	33.5033	0	0	0	0	0	0	-0	0	65.0606	50.366	-8.84549
5921036	1	0	-1000010020	-1	-12000	Vacuum	0.000184312	651.066	1.67698e-17	0	0	1357.92	901.746	-457.274	0.00370234	-659.783	-411.177	174.9
5921036	1	0	-1000010020	-1	-10004	Plastic	30.6336	603.689	2.15637	0	0	1306.46	884.556	-359.249	0.619703	-175	-82.2223	41.5255
5921036	1	0	-1000010020	-1	-11005	Plastic	36.9582	601.532	2.13331	0	0	1302.47	885.551	-356.565	0.619295	-75	-14.5158	14.0275
5921036	1	0	-1000010020	-1	-1	Fe	37.8522	599.399	74.3111	0	0	1186.92	849.166	-339.968	3.7756	-60.8966	-4.92683	10.1665
5921036	1	0	-1000010020	-1	-1	Fe	37.8914	525.088	14.9871	0	0	1159.21	834.298	-365.892	0.734	-60.3153	-4.51091	10
5921036	1	0	-1000010020	0	0	LAr	37.9112	510.1	1.45752	0	0	1178.35	830.429	-297.708	0.367571	-60.0263	-4.30291	9.90878
5921036	1	0	-1000010020	0	0	LAr	37.9947	508.643	5.51504	0	0	1169.8	827.032	-292.266	1.54418	-58.7902	-3.43177	9.59648
5921036	1	0	-1000010020	0	0	LAr	38.0107	502.57	1.10322	0	0	1168.36	825.179	-289.918	0.295977	-58.5534	-3.26435	9.53731
5921036	1	0	-1000010020	0	0	LAr	38.1877	500.932	11.8521	0	0	1237.24	668.766	-306.837	3.25933	-55.9442	-1.42159	8.88988
5921036	1	0	-1000010020	0	0	LAr	38.3537	488.724	11.8271	0	0	1265.99	587.82	-260.017	3.02887	-53.341	-0.0144685	8.24427
5921036	1	0	-1000010020	0	0	LAr	39.0582	476.79	51.4799	0	0	1194.05	551.355	-215.809	12.7498	-41.974	5.26341	5.90965
5921036	1	0	-1000010020	0	0	LAr	39.1635	425.31	7.53018	0	0	1177.84	561.644	-193.251	1.82816	-40.3362	6.01968	5.61364
5921036	1	0	-1000010020	0	0	LAr	39.3976	417.427	18.1629	0	0	1142.04	563.106	-189.208	4.03839	-36.7305	7.739	5.02205
5921036	1	0	-1000010020	0	0	LAr	39.5465	399.264	11.246	0	0	1127.09	551.394	-173.362	2.52502	-34.4905	8.84349	4.65093
5921036	1	0	-1000010020	0	0	LAr	39.8742	387.647	25.4698	0	0	1105	493.487	-153.326	5.49842	-29.5983	11.2368	3.89845
5921036	1	0	-1000010020	0	0	LAr	40.4122	361.794	44.8453	0	0	1035.91	444.465	-136.907	8.79496	-21.6327	14.7942	2.79317
5921036	1	0	-1000010020	0	0	LAr	40.8632	316.948	37.0946	0	0	972.365	405.95	-133.505	7.0045	-15.2437	17.5355	1.94879
5921036	1	0	-1000010020	0	0	LAr	41.2457	279.854	32.9623	0	0	908.288	391.115	-95.6133	5.65148	-10.0706	19.6952	1.23853
5921036	1	0	-1000010020	0	0	LAr	41.57	246.891	29.5345	0	0	850.95	359.725	-95.2906	4.55038	-5.91133	21.4862	0.800694
5921036	1	0	-1000010020	0	0	LAr	41.8441	217.357	26.6106	0	0	794.7	337.885	-78.7531	3.64819	-2.56934	22.899	0.426454
5921036	1	0	-1000010020	0	0	LAr	42.0751	190.746	22.2709	0	0	740.745	328.408	-61.7914	2.9064	0.093836	24.0313	0.162539
5921036	1	0	-1000010020	0	0	LAr	42.2714	168.475	20.338	0	0	693.292	304.065	-67.3176	2.33998	2.22644	24.9768	-0.0153588
5921036	1	0	-1000010020	0	0	LAr	42.4374	148.137	17.8781	0	0	651.004	282.498	-44.5948	1.86888	3.93092	25.7243	-0.180861
5921036	1	0	-1000010020	0	0	LAr	42.5779	130.259	16.0847	0	0	613.205	254.452	-23.7619	1.49312	5.29769	26.3174	-0.274487
5921036	1	0	-1000010020	0	0	LAr	42.6964	114.175	14.0798	0	0	581.972	214.649	-27.0511	1.18671	6.39287	26.7719	-0.316926
5921036	1	0	-1000010020	0	0	LAr	42.7965	100.095	12.6377	0	0	541.249	204.88	-28.1623	0.943588	7.27715	27.098	-0.358029
5921036	1	0	-1000010020	0	0	LAr	42.8808	87.457	10.473	0	0	505.36	196.281	-28.2021	0.74601	7.97389	27.3618	-0.394281
5921036	1	0	-1000010020	0	0	LAr	42.9526	76.984	8.82669	0	0	473.59	186.029	-37.748	0.597962	8.53042	27.5779	-0.425339
5921036	1	0	-1000010020	0	0	LAr	43.0141	68.1573	7.77612	0	0	451.159	160.23	-30.5146	0.484802	8.98033	27.7546	-0.461199
5921036	1	0	-1000010020	0	0	LAr	43.0672	60.3812	7.53743	0	0	419.491	155.318	-30.4136	0.394241	9.351	27.8863	-0.48627
5921036	1	0	-1000010020	0	0	LAr	43.1124	52.8438	6.94767	0	0	391.513	143.222	-21.8652	0.314861	9.64553	27.9953	-0.507624
5921036	1	0	-1000010020	0	0	LAr	43.1506	45.8961	5.9469	0	0	363.828	136.248	-22.8105	0.249204	9.87919	28.0808	-0.520673
5921036	1	0	-1000010020	0	0	LAr	43.1833	39.9492	5.40566	0	0	338.317	126.892	-14.6206	0.198849	10.065	28.1504	-0.532325
5921036	1	0	-1000010020	0	0	LAr	43.2111	34.5435	4.80408	0	0	315.12	112.074	-24.137	0.157842	10.2127	28.2058	-0.538705
5921036	1	0	-1000010020	0	0	LAr	43.2348	29.7394	3.96545	0	0	295.546	95.3443	-30.1725	0.125308	10.3304	28.2477	-0.547722
5921036	1	0	-1000010020	0	0	LAr	43.2554	25.774	3.75876	0	0	274.577	83.1081	-27.7389	0.101298	10.4263	28.2786	-0.557515
5921036	1	0	-1000010020	0	0	LAr	43.2732	22.0152	3.42092	0	0	252.854	73.199	-28.3511	0.0809742	10.5034	28.3019	-0.565306
5921036	1	0	-1000010020	0	0	LAr	43.2886	18.5943	3.06719	0	0	229.067	73.16	-25.748	0.0645842	10.5651	28.3198	-0.572219
5921036	1	0	-1000010020	0	0	LAr	43.302	15.5271	2.90694	0	0	201.697	75.3916	-33.6863	0.0516295	10.614	28.3354	-0.577714
5921036	1	0	-1000010020	0	0	LAr	43.3138	12.6202	2.56935	0	0	181.178	63.5132	-30.7351	0.0408891	10.6518	28.3495	-0.584031
5921036	1	0	-1000010020	0	0	LAr	43.3244	10.0508	2.49027	0	0	157.314	55.433	-24.4557	0.0326311	10.6822	28.3602	-0.589186
5921036	1	0	-1000010020	0	0	LAr	43.3339	7.56057	2.46309	0	0	131.255	41.0768	-15.2482	0.0256305	10.7061	28.3686	-0.5929
5921036	1	0	-1000010020	0	0	LAr	43.3427	5.09747	2.56099	0	0	91.7866	31.4932	-10.2351	0.0192685	10.7243	28.3743	-0.595021
5921036	1	0	-1000010020	0	0	LAr	43.3496	2.53648	2.53178	0	0	4.08464	0.854863	-0.475346	0.0107958	10.7344	28.3778	-0.596148
5921036	1	0	-1000010020	0	0	LAr	43.3499	0.00470273	0.00470273	0	0	0	0	-0	0.00040236	10.7345	28.3778	-0.596151
5921036	1	0	-1000010020	0	0	LAr	43.3499	0	0	0	0	0	0	-0	0	10.7345	28.3778	-0.596151
8885398	1	0	-1000010020	-1	-12000	Vacuum	0.000259874	672.247	2.3467e-17	0	0	761.142	-1512.41	-327.034	0.00527295	-315.77	738.958	174.9
8885398	1	0	-1000010020	-1	-10003	Plastic	32.4537	614.663	1.77764	0	0	700.358	-1441.15	-327.552	0.567772	-40.713	175	47.002
8885398	1	0	-1000010020	-1	-11000	Plastic	40.5002	612.885	8.83417	0	0	693.398	-1429.5	-326.407	2.49648	27.1777	35.299	15.25
8885398	1	0	-1000010020	-1	-1	Fe	41.7721	604.051	75.7155	0	0	616.705	-1345.55	-264.99	3.8234	37.8403	13.3173	10.2308
8885398	1	0	-1000010020	-1	-1	Fe	41.8419	528.336	26.0793	0	0	604.518	-1306.63	-252.224	1.30955	38.3773	12.1456	10
8885398	1	0	-1000010020	0	0	LAr	42.0326	502.256	13.4996	0	0	604.024	-1280.51	-256.266	3.51404	39.8306	9.00426	9.39362
8885398	1	0	-1000010020	0	0	LAr	42.2263	488.312	13.0672	0	0	572.679	-1270.83	-251.938	3.53413	41.3142	5.85911	8.76418
8885398	1	0	-1000010020	0	0	LAr	42.4628	474.786	16.7343	0	0	545.477	-1253.59	-238.791	4.27294	43.0417	2.02572	8.00423
8885398	1	0	-1000010020	0	0	LAr	42.4831	457.621	1.56999	0	0	542.215	-1251.53	-237.388	0.362768	43.1843	1.69804	7.94181
8885398	1	0	-1000010020	0	0	LAr	42.6084	455.609	8.50304	0	0	530.486	-1241.54	-228.589	2.23084	44.058	-0.318575	7.5593
8885398	1	0	-1000010020	0	0	LAr	42.9087	446.672	22.0677	0	0	505.085	-1205.47	-254.551	5.30855	46.1144	-5.13139	6.67318
8885398	1	0	-1000010020	0	0	LAr	43.0224	424.604	7.75432	0	0	488.18	-1196.72	-254.45	1.97305	46.8628	-6.91755	6.29601
8885398	1	0	-1000010020	0	0	LAr	43.0924	416.357	4.63184	0	0	439.644	-1215.75	-206.532	1.20598	47.3097	-8.01315	6.06306
8885398	1	0	-1000010020	0	0	LAr	43.2864	411.725	13.9859	0	0	443.132	-1184.43	-221.045	3.32975	48.4278	-11.1051	5.5378
8885398	1	0	-1000010020	0	0	LAr	43.3827	397.274	7.34543	0	0	448.046	-1169.79	-209.437	1.62977	48.9904	-12.6087	5.25719
8885398	1	0	-1000010020	0	0	LAr	43.5316	389.545	11.2423	0	0	435.711	-1152.92	-207.719	2.50432	49.8738	-14.9152	4.84423
8885398	1	0	-1000010020	0	0	LAr	43.5507	378.303	1.29152	0	0	438.474	-1148.95	-209.873	0.316988	49.9843	-15.2076	4.79155
8885398	1	0	-1000010020	0	0	LAr	44.1192	377.012	47.5406	0	0	387.257	-1072.37	-211.014	9.43977	53.3016	-23.9	3.20376
8885398	1	0	-1000010020	0	0	LAr	44.2078	329.471	7.6505	0	0	383.157	-1059.06	-201.847	1.39656	53.768	-25.1915	2.94961
8885398	1	0	-1000010020	0	0	LAr	44.2087	321.452	0.0696421	0	0	383.308	-1058.04	-202.173	0.0144505	53.7728	-25.2049	2.94706
8885398	1	0	-1000010020	0	0	LAr	44.6675	321.014	39.958	0	0	369.007	-979.695	-193.212	7.15995	56.1728	-31.8296	1.6812
8885398	1	0	-1000010020	0	0	LAr	45.0209	281.056	31.1196	0	0	366.986	-904.763	-216.25	5.23173	57.986	-36.6435	0.731814
8885398	1	0	-1000010020	0	0	LAr	45.3504	249.937	29.0816	0	0	334.74	-851.306	-201.2	4.64801	59.6915	-40.8481	-0.273133
8885398	1	0	-1000010020	0	0	LAr	45.6304	220.855	25.6273	0	0	318.301	-797.506	-182.006	3.75077	61.0317	-44.2567	-1.07872
8885398	1	0	-1000010020	0	0	LAr	45.8686	195.228	24.2353	0	0	272.057	-755.962	-158.672	3.02649	62.129	-47.006	-1.70617
8885398	1	0	-1000010020	0	0	LAr	46.0687	170.993	19.9423	0	0	263.809	-707.276	-140.016	2.40141	62.9267	-49.2223	-2.17136
8885398	1	0	-1000010020	0	0	LAr	46.2389	151.05	18.7435	0	0	240.182	-660.808	-139.509	1.93355	63.5909	-51.0033	-2.52393
8885398	1	0	-1000010020	0	0	LAr	46.3823	132.307	15.8327	0	0	232.602	-612.847	-144.225	1.53429	64.1049	-52.4174	-2.82248
8885398	1	0	-1000010020	0	0	LAr	46.5039	116.474	13.8503	0	0	201.012	-584.369	-116.63	1.22865	64.5307	-53.5391	-3.08645
8885398	1	0	-1000010020	0	0	LAr	46.6073	102.624	12.6236	0	0	175.429	-548.892	-116.843	0.985507	64.8456	-54.4547	-3.26918
8885398	1	0	-1000010020	0	0	LAr	46.6947	90	10.6267	0	0	159.474	-515.431	-113.781	0.784138	65.0795	-55.1865	-3.42498
8885398	1	0	-1000010020	0	0	LAr	46.7692	79.3733	9.82433	0	0	142.234	-484.448	-103.975	0.630443	65.2618	-55.7757	-3.55504
8885398	1	0	-1000010020	0	0	LAr	46.8324	69.549	8.02704	0	0	125.032	-456.527	-102.557	0.50192	65.4003	-56.2473	-3.65626
8885398	1	0	-1000010020	0	0	LAr	46.8867	61.5219	7.74864	0	0	120.8	-424.579	-98.7295	0.406981	65.5053	-56.6309	-3.74242
8885398	1	0	-1000010020	0	0	LAr	46.9328	53.7733	6.78388	0	0	121.025	-393.378	-95.3045	0.324196	65.5919	-56.9351	-3.81316
8885398	1	0	-1000010020	0	0	LAr	46.9721	46.9894	5.96011	0	0	113.863	-368.168	-84.1483	0.259052	65.6661	-57.1763	-3.87159
8885398	1	0	-1000010020	0	0	LAr	47.0058	41.0293	5.09762	0	0	105.213	-344.302	-80.4088	0.20759	65.726	-57.37	-3.91586
8885398	1	0	-1000010020	0	0	LAr	47.0348	35.9317	4.9129	0	0	92.3105	-320.956	-76.0714	0.167934	65.7739	-57.5267	-3.95246
8885398	1	0	-1000010020	0	0	LAr	47.0596	31.0188	4.16948	0	0	95.0931	-296.291	-67.8816	0.133606	65.8099	-57.6518	-3.98212
8885398	1	0	-1000010020	0	0	LAr	47.081	26.8493	3.72236	0	0	64.3922	-275.327	-85.6607	0.107551	65.842	-57.7519	-4.00504
8885398	1	0	-1000010020	0	0	LAr	47.0996	23.1269	3.44322	0	0	63.536	-254.198	-74.6464	0.0867349	65.8609	-57.8327	-4.03018
8885398	1	0	-1000010020	0	0	LAr	47.1157	19.6837	3.22112	0	0	54.8686	-232.419	-70.6886	0.0695834	65.8771	-57.8976	-4.04924
8885398	1	0	-1000010020	0	0	LAr	47.1298	16.4626	2.94713	0	0	51.3702	-210.958	-61.1551	0.0554044	65.8893	-57.9492	-4.06496
8885398	1	0	-1000010020	0	0	LAr	47.1421	13.5155	2.61489	0	0	53.2013	-186.153	-59.3815	0.0440375	65.8993	-57.9904	-4.07689
8885398	1	0	-1000010020	0	0	LAr	47.153	10.9006	2.55115	0	0	50.7811	-162.192	-50.0538	0.0352369	65.9086	-58.0228	-4.08722
8885398	1	0	-1000010020	0	0	LAr	47.1628	8.34943	2.41305	0	0	41.3319	-137.411	-41.3995	0.0277569	65.9165	-58.0482	-4.09505
8885398	1	0	-1000010020	0	0	LAr	47.1718	5.93638	2.46544	0	0	33.8704	-105.231	-28.4872	0.021423	65.9224	-58.0679	-4.10098
8885398	1	0	-1000010020	0	0	LAr	47.1798	3.47094	2.89455	0	0	18.5619	-39.3013	-16.5334	0.0146076	65.9267	-58.0813	-4.10462
8885398	1	0	-1000010020	0	0	LAr	47.1828	0.576387	0.576387	0	0	0	-0	-0	0.00225117	65.9276	-58.0832	-4.10541
8885398	1	0	-1000010020	0	0	LAr	47.1828	0	0	0	0	0	-0	-0	0	65.9276	-58.0832	-4.10541
8972930	1	0	-1000010020	-1	-12000	Vacuum	0.000307194	663.615	2.78241e-17	0	0	-1156.2	1231.64	-275.72	0.00620795	784.443	-832.066	174.9
8972930	1	0	-1000010020	-1	-10002	Plastic	46.7446	587.102	2.28628	0	0	-1073	1150.59	-246.186	0.691671	172.174	-175	34.837
8972930	1	0	-1000010020	-1	-11004	Plastic	54.1772	584.815	2.84788	0	0	-1067.7	1149.55	-245.575	0.742045	75	-70.7992	12.5416
8972930	1	0	-1000010020	-1	-1	Fe	54.8775	581.967	75.2786	0	0	-978.801	1068.87	-238.545	3.59831	65.8788	-60.9787	10.4437
8972930	1	0	-1000010020	-1	-1	Fe	55.0253	506.688	60.9386	0	0	-909.431	988.589	-257.738	2.73255	64.0583	-58.9907	10
8972930	1	0	-1000010020	0	0	LAr	55.4795	445.75	33.4398	0	0	-878.113	945.767	-221.763	8.02274	58.7244	-53.1926	8.48836
8972930	1	0	-1000010020	0	0	LAr	55.5202	411.888	2.92566	0	0	-877.924	938.616	-218.91	0.69963	58.2553	-52.6873	8.36988
8972930	1	0	-1000010020	0	0	LAr	55.7147	408.593	15.7741	0	0	-868.481	908.922	-214.136	3.32772	56.0145	-50.2916	7.81114
8972930	1	0	-1000010020	0	0	LAr	56.3146	392.465	47.807	0	0	-806.266	850.464	-195.768	10.1134	49.128	-43.0845	6.11319
8972930	1	0	-1000010020	0	0	LAr	56.3311	344.658	1.21756	0	0	-795.034	854.601	-209.405	0.265668	48.9478	-42.8943	6.06942
8972930	1	0	-1000010020	0	0	LAr	56.8022	343.44	38.7008	0	0	-790.679	759.992	-182.349	7.54708	43.8887	-37.4563	4.73692
8972930	1	0	-1000010020	0	0	LAr	57.2303	304.74	37.6272	0	0	-722.582	727.668	-147.383	6.54615	39.2339	-32.9821	3.6634
8972930	1	0	-1000010020	0	0	LAr	57.59	267.112	32.3654	0	0	-670.15	681.544	-148.629	5.21434	35.5977	-29.3203	2.92174
8972930	1	0	-1000010020	0	0	LAr	57.8934	234.747	28.5437	0	0	-621.416	635.367	-161.818	4.16955	32.7095	-26.383	2.28118
8972930	1	0	-1000010020	0	0	LAr	58.0413	206.203	14.7355	0	0	-620.575	592.993	-134.703	1.92465	31.3857	-25.0294	1.93645
8972930	1	0	-1000010020	0	0	LAr	58.2734	191.468	22.8821	0	0	-585.712	552.302	-112.816	2.92559	29.2964	-23.0331	1.48295
8972930	1	0	-1000010020	0	0	LAr	58.4699	168.586	19.8336	0	0	-551.735	517.396	-89.5535	2.34265	27.6088	-21.4417	1.15789
8972930	1	0	-1000010020	0	0	LAr	58.6368	148.752	17.7051	0	0	-534.417	467.738	-66.1733	1.88244	26.2454	-20.1632	0.936603
8972930	1	0	-1000010020	0	0	LAr	58.7783	131.047	15.658	0	0	-494.832	446.034	-48.5682	1.5089	25.1151	-19.1739	0.796641
8972930	1	0	-1000010020	0	0	LAr	58.8985	115.389	14.3522	0	0	-449.197	430.098	-49.567	1.20878	24.2198	-18.3669	0.708765
8972930	1	0	-1000010020	0	0	LAr	58.9998	101.037	12.3024	0	0	-432.978	388.752	-46.2328	0.959111	23.5294	-17.7058	0.632578
8972930	1	0	-1000010020	0	0	LAr	59.0541	88.7342	6.24043	0	0	-387.2	407.838	-1.6905	0.483578	23.1707	-17.3838	0.594282
8972930	1	0	-1000010020	0	0	LAr	59.1324	82.4938	9.81545	0	0	-361.247	382.589	32.2672	0.674025	22.7067	-16.895	0.592256
8972930	1	0	-1000010020	0	0	LAr	59.1991	72.6783	8.92296	0	0	-336.216	358.236	43.0248	0.541406	22.3358	-16.5022	0.625388
8972930	1	0	-1000010020	0	0	LAr	59.2558	63.7554	7.93864	0	0	-310.248	338.574	40.1332	0.432469	22.041	-16.1881	0.663108
8972930	1	0	-1000010020	0	0	LAr	59.3041	55.8167	7.48068	0	0	-292.816	311.806	26.3058	0.345168	21.8088	-15.9347	0.693152
8972930	1	0	-1000010020	0	0	LAr	59.3447	48.336	6.2165	0	0	-267.577	295.39	30.3511	0.271431	21.6234	-15.7372	0.70981
8972930	1	0	-1000010020	0	0	LAr	59.3794	42.1195	5.37913	0	0	-246.896	277.007	38.4856	0.216595	21.4784	-15.5772	0.726252
8972930	1	0	-1000010020	0	0	LAr	59.4091	36.7404	4.90527	0	0	-228.361	260.3	23.0066	0.173953	21.3633	-15.4481	0.744193
8972930	1	0	-1000010020	0	0	LAr	59.4346	31.8351	4.52706	0	0	-216.183	236.971	17.1478	0.139041	21.2718	-15.3438	0.753408
8972930	1	0	-1000010020	0	0	LAr	59.4564	27.3081	3.98408	0	0	-198.047	219.419	25.8874	0.110277	21.1976	-15.2625	0.759294
8972930	1	0	-1000010020	0	0	LAr	59.4751	23.324	3.44463	0	0	-181.322	202.6	32.2874	0.087778	21.1391	-15.1976	0.766949
8972930	1	0	-1000010020	0	0	LAr	59.4914	19.8794	3.16408	0	0	-158.79	191.907	30.649	0.070503	21.0924	-15.1454	0.77526
8972930	1	0	-1000010020	0	0	LAr	59.5056	16.7153	2.99395	0	0	-139.885	177.83	21.6481	0.0564507	21.0567	-15.1023	0.782152
8972930	1	0	-1000010020	0	0	LAr	59.518	13.7213	2.93799	0	0	-124.491	157.564	15.5747	0.0447815	21.0291	-15.0673	0.786415
8972930	1	0	-1000010020	0	0	LAr	59.5289	10.7833	2.58588	0	0	-108.297	137.477	13.7617	0.0348701	21.0076	-15.04	0.78911
8972930	1	0	-1000010020	0	0	LAr	59.5386	8.19746	2.58072	0	0	-88.5967	113.857	16.9852	0.0273415	20.9908	-15.0186	0.791251
8972930	1	0	-1000010020	0	0	LAr	59.5475	5.61673	2.56872	0	0	-67.6317	81.3358	15.9222	0.020606	20.9782	-15.0025	0.793658
8972930	1	0	-1000010020	0	0	LAr	59.5552	3.04801	2.95004	0	0	-11.0082	15.2603	3.66699	0.0130749	20.97	-14.9926	0.795597
8972930	1	0	-1000010020	0	0	LAr	59.558	0.0979669	0.0979669	0	0	-0	0	0	0.00101721	20.9695	-14.9919	0.795764
8972930	1	0	-1000010020	0	0	LAr	59.558	0	0	0	0	-0	0	0	0	20.9695	-14.9919	0.795764
9436801	1	0	-1000010020	-1	-12000	Vacuum	0.000224055	670.901	2.02419e-17	0	0	1678.19	-82.3295	-379.116	0.00454332	-787.08	94.2956	174.9
9436801	1	0	-1000010020	-1	-10004	Plastic	31.7712	619.119	1.95567	0	0	1599.14	-67.909	-366.268	0.513257	-175	68.1265	35.4466
9436801	1	0	-1000010020	-1	-11005	Plastic	36.9709	617.163	1.67935	0	0	1596.55	-70.48	-365.632	0.513387	-75	63.8799	12.5425
9436801	1	0	-1000010020	-1	-1	Fe	37.5212	615.484	76.8268	0	0	1485.2	-15.3726	-323.588	3.94169	-64.4266	63.4131	10.1211
9436801	1	0	-1000010020	-1	-1	Fe	37.5513	538.657	12.535	0	0	1466.05	-32.9005	-316.281	0.568893	-63.8708	63.4073	10
9436801	1	0	-1000010020	0	0	LAr	37.6308	526.122	5.67346	0	0	1457.5	-29.6811	-309.851	1.48761	-62.4171	63.3747	9.68636
9436801	1	0	-1000010020	0	0	LAr	38.2148	520.033	42.6171	0	0	1387.66	-35.619	-299.595	10.8934	-51.7649	63.1578	7.4218
9436801	1	0	-1000010020	0	0	LAr	38.4205	476.949	14.6683	0	0	1364.45	-49.1592	-286.119	3.72345	-48.1266	63.0644	6.6363
9436801	1	0	-1000010020	0	0	LAr	38.5349	461.889	8.36358	0	0	1349.1	-48.3977	-287.099	2.04555	-46.1258	62.9923	6.21675
9436801	1	0	-1000010020	0	0	LAr	38.5443	453.071	0.568332	0	0	1347.06	-46.7264	-289.437	0.168122	-45.9615	62.9864	6.18178
9436801	1	0	-1000010020	0	0	LAr	38.6736	452.142	9.46881	0	0	1341.79	-72.6985	-225.446	2.29526	-43.7188	62.9086	5.6999
9436801	1	0	-1000010020	0	0	LAr	38.9273	442.673	19.4926	0	0	1306.88	-68.9044	-228.576	4.46993	-39.3172	62.6701	4.96034
9436801	1	0	-1000010020	0	0	LAr	39.0301	422.831	8.32457	0	0	1291	-73.811	-229.621	1.78137	-37.5648	62.5778	4.65386
9436801	1	0	-1000010020	0	0	LAr	39.3633	414.099	26.0232	0	0	1241.24	-78.2887	-240.324	5.72998	-31.9327	62.2557	3.65212
9436801	1	0	-1000010020	0	0	LAr	39.7272	387.679	29.1461	0	0	1188.77	-64.2851	-233.425	6.10708	-25.949	61.8783	2.49357
9436801	1	0	-1000010020	0	0	LAr	40.0166	358.156	23.8416	0	0	1142.48	-64.3834	-233.957	4.71259	-21.3316	61.6286	1.5869
9436801	1	0	-1000010020	0	0	LAr	40.2707	333.926	21.4069	0	0	1106.64	-43.2806	-204.688	4.02669	-17.3931	61.4067	0.780373
9436801	1	0	-1000010020	0	0	LAr	40.7127	312.159	37.9559	0	0	1029.27	-23.1381	-209.413	6.82318	-10.6897	61.1445	-0.459508
9436801	1	0	-1000010020	0	0	LAr	41.0851	274.203	33.5588	0	0	957.85	-15.5244	-207.13	5.45585	-5.34553	61.0244	-1.54682
9436801	1	0	-1000010020	0	0	LAr	41.2236	240.644	12.1136	0	0	940.494	37.8472	-153.413	1.92395	-3.46541	60.9939	-1.95339
9436801	1	0	-1000010020	0	0	LAr	41.5165	228.531	28.8809	0	0	874.54	47.4142	-147.391	3.97992	0.458849	61.1518	-2.59351
9436801	1	0	-1000010020	0	0	LAr	41.7617	199.65	24.7355	0	0	809.928	86.8804	-152.339	3.14692	3.55706	61.3198	-3.11567
9436801	1	0	-1000010020	0	0	LAr	41.9679	174.914	21.0105	0	0	758.91	70.9148	-141.568	2.49845	5.9985	61.5817	-3.57488
9436801	1	0	-1000010020	0	0	LAr	42.1423	153.904	18.6621	0	0	708.076	48.2605	-148.029	1.99782	7.95387	61.7644	-3.93964
9436801	1	0	-1000010020	0	0	LAr	42.2898	135.242	16.3569	0	0	665.941	40.0273	-122.549	1.59415	9.51054	61.8705	-4.26507
9436801	1	0	-1000010020	0	0	LAr	42.4147	118.885	14.5745	0	0	622.583	37.8829	-114.573	1.2733	10.7604	61.9456	-4.49508
9436801	1	0	-1000010020	0	0	LAr	42.5202	104.31	12.6614	0	0	580.756	31.6042	-117.978	1.01389	11.7556	62.0062	-4.67822
9436801	1	0	-1000010020	0	0	LAr	42.6097	91.6489	11.0101	0	0	543.718	69.5534	-92.3587	0.809306	12.5474	62.0493	-4.83908
9436801	1	0	-1000010020	0	0	LAr	42.6857	80.6388	9.33379	0	0	514.493	50.0301	-73.2117	0.64796	13.1811	62.1303	-4.94671
9436801	1	0	-1000010020	0	0	LAr	42.7509	71.305	8.77766	0	0	480.883	40.561	-74.6309	0.523908	13.6972	62.1805	-5.02017
9436801	1	0	-1000010020	0	0	LAr	42.8063	62.5273	7.83474	0	0	446.118	48.8002	-82.1763	0.418365	14.1091	62.2153	-5.08409
9436801	1	0	-1000010020	0	0	LAr	42.8533	54.6926	7.01825	0	0	416.078	32.7807	-83.1548	0.333554	14.4352	62.2509	-5.14416
9436801	1	0	-1000010020	0	0	LAr	42.8933	47.6743	5.95296	0	0	387.863	24.6434	-84.863	0.265314	14.6946	62.2714	-5.19599
9436801	1	0	-1000010020	0	0	LAr	42.9276	41.7214	5.6057	0	0	357.362	12.0516	-94.4955	0.213285	14.9025	62.2846	-5.24147
9436801	1	0	-1000010020	0	0	LAr	42.9568	36.1157	4.54072	0	0	334.598	11.4283	-85.7648	0.169294	15.066	62.2901	-5.28472
9436801	1	0	-1000010020	0	0	LAr	42.9821	31.575	4.2401	0	0	311.624	4.67111	-78.4554	0.137297	15.1989	62.2946	-5.31878
9436801	1	0	-1000010020	0	0	LAr	43.0039	27.3349	3.96517	0	0	289.086	2.71066	-68.0655	0.110437	15.306	62.2962	-5.34573
9436801	1	0	-1000010020	0	0	LAr	43.0226	23.3697	3.5432	0	0	266.499	7.56952	-60.7262	0.0880208	15.3916	62.297	-5.3659
9436801	1	0	-1000010020	0	0	LAr	43.0389	19.8265	3.20724	0	0	243.129	4.49277	-59.048	0.0702538	15.46	62.299	-5.38149
9436801	1	0	-1000010020	0	0	LAr	43.053	16.6192	2.92748	0	0	219.357	2.58572	-58.5164	0.0560517	15.5145	62.3	-5.39472
9436801	1	0	-1000010020	0	0	LAr	43.0654	13.6918	2.80272	0	0	194.642	6.61153	-55.1063	0.0446742	15.5576	62.3005	-5.40622
9436801	1	0	-1000010020	0	0	LAr	43.0763	10.889	2.56384	0	0	169.717	-0.20739	-49.9512	0.0352007	15.5915	62.3017	-5.4158
9436801	1	0	-1000010020	0	0	LAr	43.0862	8.3252	2.42655	0	0	140.91	2.44738	-47.961	0.0276905	15.618	62.3016	-5.42361
9436801	1	0	-1000010020	0	0	LAr	43.0951	5.89865	2.54444	0	0	106.922	-0.101033	-34.0777	0.0213266	15.6382	62.302	-5.43048
9436801	1	0	-1000010020	0	0	LAr	43.1031	3.35421	2.96139	0	0	35.4509	-0.934578	-14.6999	0.0142074	15.6517	62.302	-5.43478
9436801	1	0	-1000010020	0	0	LAr	43.1059	0.392824	0.392824	0	0	0	-0	-0	0.00175315	15.6532	62.3019	-5.43544
9436801	1	0	-1000010020	0	0	LAr	43.1059	0	0	0	0	0	-0	-0	0	15.6532	62.3019	-5.43544
9562053	1	0	-1000010020	-1	-12000	Vacuum	0.000262679	669.26	2.37449e-17	0	0	-666.858	1552.2	-323.162	0.00532245	302.261	-834.107	174.9
9562053	1	0	-1000010020	-1	-10002	Plastic	37.1592	608.686	1.82277	0	0	-632.045	1466.9	-305.748	0.554529	18.3603	-175	36.011
9562053	1	0	-1000010020	-1	-11003	Plastic	42.8042	606.863	1.64162	0	0	-631.756	1465.31	-300.598	0.554323	-24.7267	-75	15.1679
9562053	1	0	-1000010020	-1	-1	Fe	44.147	605.221	77.31	0	0	-597.464	1341.35	-320.637	3.83545	-34.9781	-51.2227	10.2901
9562053	1	0	-1000010020	-1	-1	Fe	44.2195	527.911	29.1492	0	0	-582.667	1294.97	-321.389	1.36022	-35.5187	-50.0089	10
9562053	1	0	-1000010020	0	0	LAr	44.2675	498.762	3.20939	0	0	-578.141	1291.31	-317.282	0.880678	-35.8712	-49.2255	9.8056
9562053	1	0	-1000010020	0	0	LAr	44.405	495.107	9.15456	0	0	-574.947	1277.72	-306.516	2.52285	-36.8771	-46.9788	9.25356
9562053	1	0	-1000010020	0	0	LAr	44.7318	485.533	23.9389	0	0	-540.719	1250.47	-293.142	5.95114	-39.2626	-41.6775	7.98181
9562053	1	0	-1000010020	0	0	LAr	45.0394	461.033	22.0887	0	0	-515.956	1220.94	-283.417	5.50005	-41.3966	-36.7424	6.82491
9562053	1	0	-1000010020	0	0	LAr	45.0626	438.508	1.67806	0	0	-518.552	1217.05	-278.044	0.406152	-41.5512	-36.3766	6.73999
9562053	1	0	-1000010020	0	0	LAr	45.107	436.385	3.07843	0	0	-520.775	1210.8	-272.369	0.77831	-41.8497	-35.6759	6.5799
9562053	1	0	-1000010020	0	0	LAr	45.7914	432.928	51.0719	0	0	-491.507	1126.56	-259.866	11.9641	-46.4783	-24.9143	4.1591
9562053	1	0	-1000010020	0	0	LAr	45.7952	381.857	0.345709	0	0	-490.647	1125.02	-261.312	0.0645291	-46.5036	-24.8564	4.14576
9562053	1	0	-1000010020	0	0	LAr	46.327	381.067	42.0186	0	0	-447.016	1055.44	-270.211	8.86544	-49.9694	-16.9094	2.29988
9562053	1	0	-1000010020	0	0	LAr	46.7952	339.048	38.2185	0	0	-412.547	987.394	-271.729	7.46536	-52.8028	-10.2196	0.587177
9562053	1	0	-1000010020	0	0	LAr	47.2161	300.83	36.9569	0	0	-378.445	930.39	-225.009	6.40205	-55.1946	-4.49504	-0.988215
9562053	1	0	-1000010020	0	0	LAr	47.57	263.873	32.0942	0	0	-363.265	865.238	-206.345	5.1055	-57.0715	0.11907	-2.10411
9562053	1	0	-1000010020	0	0	LAr	47.8684	231.779	29.1501	0	0	-339.12	807.915	-182.855	4.07855	-58.6132	3.79128	-2.97987
9562053	1	0	-1000010020	0	0	LAr	48.1184	202.629	23.9008	0	0	-320.227	759.483	-151.765	3.22913	-59.8364	6.70547	-3.63943
9562053	1	0	-1000010020	0	0	LAr	48.3305	178.728	22.7137	0	0	-318.168	697.857	-146.111	2.59435	-60.8275	9.05609	-4.10915
9562053	1	0	-1000010020	0	0	LAr	48.5081	156.014	19.0695	0	0	-294.432	657.28	-117.289	2.04594	-61.6611	10.8845	-4.49196
9562053	1	0	-1000010020	0	0	LAr	48.6579	136.945	16.8787	0	0	-272.235	614.66	-113.541	1.62934	-62.3184	12.3518	-4.75381
9562053	1	0	-1000010020	0	0	LAr	48.7844	120.066	13.9893	0	0	-246.01	579.997	-110.69	1.29542	-62.8356	13.5195	-4.9695
9562053	1	0	-1000010020	0	0	LAr	48.8923	106.077	12.1284	0	0	-219.643	549.437	-105.467	1.04399	-63.2371	14.4659	-5.15012
9562053	1	0	-1000010020	0	0	LAr	48.9846	93.9483	11.7834	0	0	-195.264	514.551	-109.906	0.84498	-63.5458	15.2382	-5.29837
9562053	1	0	-1000010020	0	0	LAr	49.0625	82.1649	9.78063	0	0	-183.493	481.017	-108.269	0.66937	-63.7786	15.8518	-5.42943
9562053	1	0	-1000010020	0	0	LAr	49.1289	72.3843	9.25875	0	0	-164.006	447.228	-117.78	0.537637	-63.9661	16.3433	-5.54005
9562053	1	0	-1000010020	0	0	LAr	49.1849	63.1255	7.91014	0	0	-156.087	417.12	-108.729	0.425208	-64.1082	16.7307	-5.64209
9562053	1	0	-1000010020	0	0	LAr	49.2325	55.2154	7.04932	0	0	-152.776	385.852	-103.823	0.338932	-64.2236	17.0391	-5.72246
9562053	1	0	-1000010020	0	0	LAr	49.273	48.166	6.44219	0	0	-140.865	357.174	-104.115	0.269853	-64.3199	17.2824	-5.78793
9562053	1	0	-1000010020	0	0	LAr	49.3073	41.7239	5.40076	0	0	-130.654	337.392	-81.6793	0.213306	-64.3954	17.4739	-5.84375
9562053	1	0	-1000010020	0	0	LAr	49.3366	36.3231	4.7962	0	0	-126.893	312.354	-74.7755	0.170834	-64.4556	17.6292	-5.88136
9562053	1	0	-1000010020	0	0	LAr	49.3618	31.5269	4.45349	0	0	-114.83	289.657	-72.1427	0.136976	-64.5059	17.7531	-5.91101
9562053	1	0	-1000010020	0	0	LAr	49.3834	27.0734	3.89537	0	0	-104.372	270.135	-60.1425	0.108878	-64.545	17.8517	-5.93556
9562053	1	0	-1000010020	0	0	LAr	49.4021	23.178	3.66376	0	0	-95.1177	247.902	-55.5039	0.0870047	-64.5757	17.9311	-5.95324
9562053	1	0	-1000010020	0	0	LAr	49.4181	19.5143	3.22366	0	0	-82.2852	228.183	-50.3662	0.0687922	-64.5998	17.9939	-5.96732
9562053	1	0	-1000010020	0	0	LAr	49.432	16.2906	2.8552	0	0	-69.5826	210.665	-36.8551	0.0546988	-64.618	18.0443	-5.97843
9562053	1	0	-1000010020	0	0	LAr	49.4443	13.4354	2.75827	0	0	-58.9149	188.086	-36.3178	0.0437502	-64.6315	18.0853	-5.9856
9562053	1	0	-1000010020	0	0	LAr	49.4551	10.6771	2.56134	0	0	-59.4888	160.691	-33.9073	0.0345399	-64.6416	18.1177	-5.99185
9562053	1	0	-1000010020	0	0	LAr	49.4649	8.11581	2.44112	0	0	-42.6604	137.724	-23.0518	0.0271195	-64.6509	18.1426	-5.99711
9562053	1	0	-1000010020	0	0	LAr	49.4738	5.67469	2.56435	0	0	-30.899	101.174	-22.0507	0.0207543	-64.6569	18.1621	-6.00039
9562053	1	0	-1000010020	0	0	LAr	49.4815	3.11034	2.98691	0	0	-8.08269	19.7503	-2.76141	0.0133165	-64.6607	18.1746	-6.00309
9562053	1	0	-1000010020	0	0	LAr	49.4843	0.12343	0.12343	0	0	-0	0	-0	0.00108399	-64.6611	18.1755	-6.00322
9562053	1	0	-1000010020	0	0	LAr	49.4843	0	0	0	0	-0	0	-0	0	-64.6611	18.1755	-6.00322
9941150	1	0	-1000010020	-1	-12000	Vacuum	0.000233387	670.15	2.10905e-17	0	0	-1648.33	-337.046	-363.849	0.0047309	758.88	215.972	174.9
9941150	1	0	-1000010020	-1	-10005	Plastic	30.9745	616.676	1.62939	0	0	-1564.27	-326.342	-363.329	0.523976	175	94.2236	38.3883
9941150	1	0	-1000010020	-1	-11004	Plastic	36.2855	615.047	2.34531	0	0	-1560.31	-324.063	-366.327	0.523802	75	73.3614	15.1617
9941150	1	0	-1000010020	-1	-1	Fe	37.427	612.701	78.6855	0	0	-1439.18	-325.857	-333.126	3.91279	53.5413	68.9046	10.1236
9941150	1	0	-1000010020	-1	-1	Fe	37.4569	534.016	10.7462	0	0	-1420.69	-323.927	-336.777	0.56144	53.0072	68.7837	10
9941150	1	0	-1000010020	0	0	LAr	37.5817	523.27	9.15332	0	0	-1405.33	-323.828	-333.517	2.33387	50.7902	68.2782	9.47446
9941150	1	0	-1000010020	0	0	LAr	38.0106	513.73	30.2903	0	0	-1358.83	-308.331	-322.454	7.96637	43.2274	66.5355	7.67963
9941150	1	0	-1000010020	0	0	LAr	38.0742	483.069	4.7657	0	0	-1350.91	-305.347	-320.396	1.15548	42.1296	66.2864	7.41912
9941150	1	0	-1000010020	0	0	LAr	38.2264	477.846	10.82	0	0	-1321.32	-336.285	-333.266	2.75633	39.5103	65.6944	6.7979
9941150	1	0	-1000010020	0	0	LAr	38.4593	467.026	16.2861	0	0	-1298.34	-337.935	-303.794	4.18316	35.5725	64.6922	5.8047
9941150	1	0	-1000010020	0	0	LAr	39.181	450.349	55.4552	0	0	-1217.3	-292.596	-264.295	12.7982	23.4946	61.5485	2.97863
9941150	1	0	-1000010020	0	0	LAr	39.4896	394.894	23.7868	0	0	-1174.38	-278.662	-267.039	5.21381	18.5349	60.3564	1.90179
9941150	1	0	-1000010020	0	0	LAr	39.5942	370.73	8.55606	0	0	-1158.17	-280.84	-260.4	1.72479	16.8964	59.9676	1.52921
9941150	1	0	-1000010020	0	0	LAr	39.8089	361.788	16.8747	0	0	-1132.75	-262.968	-242.827	3.51021	13.5638	59.1595	0.779932
9941150	1	0	-1000010020	0	0	LAr	39.837	344.559	2.13475	0	0	-1126.27	-270.808	-241.516	0.45051	13.1343	59.0598	0.687846
9941150	1	0	-1000010020	0	0	LAr	40.3362	342.062	40.0067	0	0	-1051.54	-274.941	-207.343	7.98673	5.53351	57.2322	-0.94205
9941150	1	0	-1000010020	0	0	LAr	40.7594	302.055	36.1884	0	0	-981.912	-251.739	-201.216	6.44707	-0.592421	55.6305	-2.14996
9941150	1	0	-1000010020	0	0	LAr	41.1168	265.867	31.3892	0	0	-912.244	-254.896	-193.38	5.17238	-5.50608	54.3707	-3.15688
9941150	1	0	-1000010020	0	0	LAr	41.4198	234.477	28.6139	0	0	-848.115	-250.261	-180.805	4.16125	-9.43217	53.2737	-3.98915
9941150	1	0	-1000010020	0	0	LAr	41.6751	205.864	24.3369	0	0	-794.256	-229.993	-173.664	3.31938	-12.5508	52.3535	-4.65399
9941150	1	0	-1000010020	0	0	LAr	41.8915	181.527	21.2226	0	0	-743.306	-219.763	-161.969	2.6657	-15.0562	51.628	-5.2018
9941150	1	0	-1000010020	0	0	LAr	42.0755	160.304	18.3471	0	0	-686.395	-214.819	-188.091	2.14526	-17.0696	51.0327	-5.64052
9941150	1	0	-1000010020	0	0	LAr	42.2325	141.957	16.4007	0	0	-650.985	-180.435	-174.401	1.73484	-18.6711	50.5315	-6.07937
9941150	1	0	-1000010020	0	0	LAr	42.3665	125.556	15.081	0	0	-613.716	-154.541	-161.531	1.4004	-19.9775	50.1694	-6.42937
9941150	1	0	-1000010020	0	0	LAr	42.4801	110.475	12.9443	0	0	-581.234	-139.022	-134.957	1.12054	-21.0302	49.9043	-6.70644
9941150	1	0	-1000010020	0	0	LAr	42.577	97.5309	11.9084	0	0	-541.979	-129.564	-134.136	0.901888	-21.8856	49.6997	-6.90506
9941150	1	0	-1000010020	0	0	LAr	42.659	85.6225	10.3444	0	0	-498.024	-122.379	-158.264	0.719025	-22.5654	49.5372	-7.0733
9941150	1	0	-1000010020	0	0	LAr	42.7287	75.2781	9.45968	0	0	-462.821	-115.39	-153.993	0.575249	-23.0991	49.4061	-7.24289
9941150	1	0	-1000010020	0	0	LAr	42.7877	65.8185	8.07175	0	0	-430.059	-120.979	-142.72	0.456652	-23.5206	49.301	-7.38316
9941150	1	0	-1000010020	0	0	LAr	42.838	57.7467	7.25002	0	0	-402.124	-118.884	-127.034	0.365544	-23.8558	49.2067	-7.49437
9941150	1	0	-1000010020	0	0	LAr	42.8808	50.4967	6.48354	0	0	-378.202	-101.046	-117.444	0.291866	-24.1236	49.1275	-7.57898
9941150	1	0	-1000010020	0	0	LAr	42.9172	44.0132	5.8071	0	0	-353.904	-86.4587	-109.801	0.232672	-24.3388	49.07	-7.64582
9941150	1	0	-1000010020	0	0	LAr	42.9483	38.2061	4.90966	0	0	-329.146	-89.7085	-98.1144	0.185125	-24.511	49.028	-7.69923
9941150	1	0	-1000010020	0	0	LAr	42.975	33.2964	4.33562	0	0	-303.139	-87.3963	-99.7295	0.149038	-24.6491	48.9903	-7.74041
9941150	1	0	-1000010020	0	0	LAr	42.9981	28.9608	4.04271	0	0	-280.85	-77.5833	-95.909	0.120388	-24.7594	48.9585	-7.77669
9941150	1	0	-1000010020	0	0	LAr	43.018	24.9181	3.78633	0	0	-260.68	-68.6505	-83.9611	0.0964591	-24.8477	48.9341	-7.80684
9941150	1	0	-1000010020	0	0	LAr	43.0352	21.1317	3.23408	0	0	-240.606	-68.3308	-69.9882	0.0765474	-24.9183	48.9155	-7.82959
9941150	1	0	-1000010020	0	0	LAr	43.0501	17.8977	2.99056	0	0	-218.48	-69.1165	-60.261	0.0614961	-24.9753	48.8993	-7.84616
9941150	1	0	-1000010020	0	0	LAr	43.0632	14.9071	2.71974	0	0	-199.543	-60.7315	-48.5813	0.0492131	-25.0206	48.885	-7.85867
9941150	1	0	-1000010020	0	0	LAr	43.0748	12.1873	2.59323	0	0	-180.289	-46.4072	-37.7357	0.0394178	-25.0573	48.8738	-7.86761
9941150	1	0	-1000010020	0	0	LAr	43.0851	9.59412	2.4472	0	0	-158.168	-27.0126	-33.3741	0.0312795	-25.087	48.8662	-7.87382
9941150	1	0	-1000010020	0	0	LAr	43.0945	7.14691	2.53958	0	0	-125.395	-23.2771	-32.2268	0.0245416	-25.1107	48.8621	-7.87881
9941150	1	0	-1000010020	0	0	LAr	43.1031	4.60733	2.77603	0	0	-76.3337	-20.3215	-25.1632	0.0179729	-25.1278	48.859	-7.8832
9941150	1	0	-1000010020	0	0	LAr	43.1084	1.8313	1.8313	0	0	-0	-0	-0	0.00709677	-25.1343	48.8572	-7.88535
9941150	1	0	-1000010020	0	0	LAr	43.1084	0	0	0	0	-0	-0	-0	0	-25.1343	48.8572	-7.88535
