1	1	0	-1000020030	-1	-12000	Vacuum	2.98663	566.051	3.5875e-17	0	0	-1322.86	0.0156864	-1322.82	0.00141423	174.9	1.18583e-08	174.9
1	1	0	-1000020030	-1	-10005	Plastic	4.80035	466.516	16.7035	0	0	-1192.27	-9.13269	-1143.35	0.709968	155	-0.106568	154.884
1	1	0	-1000020030	-1	-11000	Plastic	18.0734	449.809	16.7069	0	0	-1172.6	-12.4834	-1115.83	0.722389	9.39091	-1.22194	15.25
1	1	0	-1000020030	-1	-1	Fe	18.5139	433.102	53.7293	0	0	-1075.89	-11.6919	-1056.93	0.429574	4.61348	-1.2728	10.7039
1	1	0	-1000020030	-1	-1	Fe	18.5383	379.373	47.9921	0	0	-1009.29	-25.7285	-975.589	0.345106	4.36732	-1.27547	10.4621
1	1	0	-1000020030	-1	-1	Fe	18.5589	331.381	41.7845	0	0	-945.556	-18.9551	-903.344	0.276233	4.16875	-1.28053	10.2701
1	1	0	-1000020030	-1	-1	Fe	18.5764	289.597	38.1642	0	0	-860.996	-9.40132	-856.77	0.221726	4.00845	-1.28375	10.117
1	1	0	-1000020030	-1	-1	Fe	18.5903	251.432	31.172	0	0	-810.558	6.61353	-792.856	0.165862	3.89089	-1.28503	10
1	1	0	-1000020030	0	0	LAr	18.6528	220.26	26.5593	0	0	-764.112	9.84403	-735.889	0.701058	3.38975	-1.28094	9.5098
1	1	0	-1000020030	0	0	LAr	18.7059	193.701	23.8935	0	0	-713.91	4.85464	-687.688	0.562233	2.98481	-1.27573	9.11982
1	1	0	-1000020030	0	0	LAr	18.7509	169.808	20.5982	0	0	-669.795	1.91574	-641.647	0.449015	2.66144	-1.27353	8.80833
1	1	0	-1000020030	0	0	LAr	18.7892	149.209	17.9406	0	0	-640	2.72783	-587.309	0.360461	2.40115	-1.27278	8.55898
1	1	0	-1000020030	0	0	LAr	18.822	131.269	16.6692	0	0	-598.79	13.9258	-545.958	0.290393	2.1872	-1.27187	8.36265
1	1	0	-1000020030	0	0	LAr	18.8498	114.599	14.3842	0	0	-564.251	0.956137	-504.53	0.231537	2.01614	-1.26789	8.20668
1	1	0	-1000020030	0	0	LAr	18.8649	100.215	8.37537	0	0	-612.164	-35.0322	-383.207	0.117592	1.92848	-1.26774	8.1283
1	1	0	-1000020030	0	0	LAr	18.8864	91.5882	12.0645	0	0	-566.22	-44.3155	-361.141	0.160774	1.79237	-1.27553	8.04309
1	1	0	-1000020030	0	0	LAr	18.9048	79.5237	10.6915	0	0	-529.043	-36.4162	-331.875	0.128749	1.68406	-1.28401	7.97401
1	1	0	-1000020030	0	0	LAr	18.9207	68.8323	9.67358	0	0	-489.941	-32.9777	-307.654	0.103386	1.59664	-1.29003	7.91917
1	1	0	-1000020030	0	0	LAr	18.9344	59.1587	8.71683	0	0	-453.918	-17.0969	-282.013	0.0829292	1.52652	-1.29475	7.87514
1	1	0	-1000020030	0	0	LAr	18.9463	50.4418	7.94938	0	0	-410.996	-44.8622	-263.716	0.0665549	1.47002	-1.29687	7.84004
1	1	0	-1000020030	0	0	LAr	18.9566	42.4925	7.37952	0	0	-372.859	-42.6848	-240.019	0.0533599	1.4253	-1.30176	7.81134
1	1	0	-1000020030	0	0	LAr	18.9657	35.1129	6.76989	0	0	-334.168	-38.8907	-216.377	0.042615	1.38964	-1.30584	7.78838
1	1	0	-1000020030	0	0	LAr	18.9737	28.3431	6.59905	0	0	-296.073	-25.905	-185.132	0.0340245	1.36121	-1.30915	7.76998
1	1	0	-1000020030	0	0	LAr	18.9809	21.744	6.53101	0	0	-247.54	-21.423	-154.741	0.0267437	1.3386	-1.31113	7.75584
1	1	0	-1000020030	0	0	LAr	18.9875	15.213	6.74395	0	0	-183.234	-12.015	-117.99	0.0202901	1.32145	-1.31261	7.74512
1	1	0	-1000020030	0	0	LAr	18.9928	8.46905	7.82516	0	0	-48.2267	-3.19011	-35.7912	0.0125071	1.31095	-1.3133	7.73836
1	1	0	-1000020030	0	0	LAr	18.9939	0.643888	0.643888	0	0	-0	-0	-0	0.000692535	1.31041	-1.31333	7.73795
1	1	0	-1000020030	0	0	LAr	18.9939	0	0	0	0	-0	-0	-0	0	1.31041	-1.31333	7.73795
2	1	0	-1000020030	-1	-12000	Vacuum	3.08381	520.547	3.79657e-17	0	0	-1263.54	0.578335	-1264.22	0.00141383	174.9	4.57465e-07	174.9
3	1	0	-1000020030	-1	-12000	Vacuum	3.03532	542.475	3.69193e-17	0	0	-1292.51	0.0265249	-1292.54	0.0014142	174.9	2.05216e-08	174.9
3	1	0	-1000020030	-1	-10005	Plastic	4.86127	443.01	15.835	0	0	-1145.64	-8.35265	-1126.62	0.700017	155	-0.0794576	155.332
3	1	0	-1000020030	-1	-11000	Plastic	18.2806	427.151	16.2231	0	0	-1120.4	-12.0239	-1105.22	0.71308	12.5602	-1.10896	15.25
3	1	0	-1000020030	-1	-1	Fe	18.7204	410.927	51.3489	0	0	-1033.93	14.9758	-1039.1	0.393811	7.9715	-1.15821	10.7235
3	1	0	-1000020030	-1	-1	Fe	18.7431	359.578	46.5513	0	0	-997.581	-8.18457	-927.878	0.315916	7.7487	-1.15498	10.4995
3	1	0	-1000020030	-1	-1	Fe	18.7624	313.027	40.8174	0	0	-930.417	-7.20578	-858.67	0.251644	7.56445	-1.15649	10.3282
3	1	0	-1000020030	-1	-1	Fe	18.7787	272.21	36.1297	0	0	-850.758	13.026	-811.04	0.200624	7.41703	-1.15763	10.1921
3	1	0	-1000020030	-1	-1	Fe	18.7925	236.08	31.4427	0	0	-785.58	14.013	-757.594	0.159888	7.30131	-1.15586	10.0818
3	1	0	-1000020030	-1	-1	Fe	18.8033	204.637	26.0734	0	0	-748.751	-0.991211	-688.63	0.117854	7.21649	-1.15435	10
3	1	0	-1000020030	0	0	LAr	18.8512	178.564	22.6239	0	0	-714.937	35.46	-622.74	0.489208	6.85643	-1.15482	9.66885
3	1	0	-1000020030	0	0	LAr	18.8917	155.94	19.8077	0	0	-665.482	23.7331	-582.862	0.388465	6.56372	-1.14031	9.41388
3	1	0	-1000020030	0	0	LAr	18.926	136.132	17.234	0	0	-624.565	25.6362	-539.652	0.308716	6.33157	-1.13203	9.21056
3	1	0	-1000020030	0	0	LAr	18.9551	118.898	14.829	0	0	-573.841	21.9698	-515.353	0.24612	6.14544	-1.12439	9.04973
3	1	0	-1000020030	0	0	LAr	18.98	104.069	13.5982	0	0	-532.163	20.0175	-482.436	0.197609	5.99848	-1.11876	8.91775
3	1	0	-1000020030	0	0	LAr	19.0012	90.4712	12.0653	0	0	-498.345	-0.227542	-445.183	0.15766	5.88173	-1.11437	8.81191
3	1	0	-1000020030	0	0	LAr	19.0193	78.4059	10.7413	0	0	-465.97	-1.29546	-409.275	0.125964	5.78779	-1.11441	8.72799
3	1	0	-1000020030	0	0	LAr	19.0349	67.6646	9.69097	0	0	-438.677	9.48354	-369.403	0.100791	5.71207	-1.11462	8.66148
3	1	0	-1000020030	0	0	LAr	19.0483	57.9736	8.64957	0	0	-403.613	19.2744	-340.882	0.0805877	5.65043	-1.11329	8.60958
3	1	0	-1000020030	0	0	LAr	19.06	49.3241	8.27505	0	0	-372.704	4.78393	-305.478	0.0645985	5.60112	-1.11094	8.56793
3	1	0	-1000020030	0	0	LAr	19.0701	41.049	7.19514	0	0	-322.34	-21.089	-294.869	0.0511439	5.56157	-1.11043	8.53552
3	1	0	-1000020030	0	0	LAr	19.0789	33.8539	6.96922	0	0	-291.564	-13.0634	-257.968	0.0409265	5.53141	-1.1124	8.50793
3	1	0	-1000020030	0	0	LAr	19.0868	26.8847	6.66196	0	0	-251.722	-13.0895	-224.633	0.0323275	5.50721	-1.11348	8.48652
3	1	0	-1000020030	0	0	LAr	19.0938	20.2227	6.30291	0	0	-210.817	-11.8659	-183.83	0.0251957	5.48843	-1.11446	8.46976
3	1	0	-1000020030	0	0	LAr	19.1002	13.9198	6.72526	0	0	-147.847	-10.4602	-135.992	0.0190179	5.47411	-1.11527	8.45727
3	1	0	-1000020030	0	0	LAr	19.105	7.19453	7.19453	0	0	-0	-0	-0	0.0101819	5.46663	-1.1158	8.45039
3	1	0	-1000020030	0	0	LAr	19.105	0	0	0	0	-0	-0	-0	0	5.46663	-1.1158	8.45039
4	1	0	-1000020030	-1	-12000	Vacuum	2.95365	582.994	3.51705e-17	0	0	-1344.25	-0.0162987	-1344.4	0.00141413	174.9	-1.21233e-08	174.9
5	1	0	-1000020030	-1	-12000	Vacuum	5.24424	151.396	9.82606e-17	0	0	-660.811	-0.0225947	-660.765	0.00141426	174.9	-3.41947e-08	174.9
6	1	0	-1000020030	-1	-12000	Vacuum	3.2206	465.864	4.10495e-17	0	0	-1190.29	-0.0040734	-1190.34	0.00141418	174.9	-2.15644e-06	174.9
6	1	0	-1000020030	-1	-10005	Plastic	5.23027	354.113	18.3777	0	0	-991.472	10.3997	-1007.64	0.707095	155	-0.115062	155.02
6	1	0	-1000020030	-1	-11000	Plastic	19.7777	335.733	19.7101	0	0	-961.244	38.9984	-974.367	0.701436	17.473	1.32747	15.25
6	1	0	-1000020030	-1	-1	Fe	20.2518	316.023	40.1765	0	0	-890.174	61.0081	-910.674	0.255589	13.1008	1.50485	10.8181
6	1	0	-1000020030	-1	-1	Fe	20.2683	275.846	35.9737	0	0	-846.23	79.4786	-826.092	0.204959	12.9577	1.51466	10.6717
6	1	0	-1000020030	-1	-1	Fe	20.2691	239.873	1.71354	0	0	-0	0	-0	0.00892291	12.9513	1.51526	10.6655
7	1	0	-1000020030	-1	-12000	Vacuum	5.75477	124.007	1.15899e-16	0	0	-596.661	0.214301	-596.569	0.00141432	174.898	0.00244597	174.9
