9.5828
10.717
10.772
8.6575
8.4273
10.015
8.8802
9.5161
8.2498
10.399
9.6091
11.567
9.7031
8.5425
8.6940
9.0524
12.291
10.002
10.464
8.8063
11.656
9.1948
10.201
9.4458
11.769
10.420
8.2548
10.318
9.9621
9.4319
8.3978
8.2363
9.1747
11.730
8.8971
8.4910
9.8618
9.2709
10.200
8.9892
8.7759
10.991
9.6537
9.3109
11.404
11.869
8.8592
9.7354
9.2915
10.372
10.608
10.401
9.1555
9.3798
9.2773
12.424
10.625
11.841
8.7034
9.6368
12.239
11.522
8.4882
9.1405
12.065
8.8772
8.2062
8.2531
8.5827
9.4969
8.8317
11.756
9.2395
10.839
8.3193
9.0785
12.205
8.8399
8.3925
9.4451
8.3130
8.8984
10.837
9.0150
9.8672
9.3729
8.3032
11.262
9.5011
10.129
11.236
8.4905
10.98
12.284
10.419
8.5932
12.072
8.4154
9.4124
11.976
9.9631
10.304
8.8291
11.210
10.222
11.810
8.4305
9.0220
9.9519
9.7472
11.514
8.9599
11.477
8.6018
10.398
8.8132
10.390
8.7021
8.7428
11.768
11.388
10.675
10.276
10.815
8.1958
8.6935
8.8418
9.6036
12.413
9.6632
8.9695
9.4287
12.488
10.667
12.000
10.990
8.5060
8.5683
8.5555
11.329
9.7812
11.989
10.209
12.435
9.6507
10.263
8.2217
8.8636
11.533
9.4971
8.4699
8.5202
10.884
9.7255
11.578
9.3282
8.5408
11.809
12.389
9.3024
9.6253
8.3158
8.9244
8.9239
8.3136
11.577
10.392
12.128
8.6637
10.328
9.5389
10.131
10.263
8.2110
8.608
9.0917
9.7282
8.6186
9.0035
9.7936
8.3638
9.3823
9.2956
12.175
9.3447
9.2270
11.137
8.3030
8.4865
10.458
8.6858
8.9652
8.1952
8.4104
9.9515
9.0988
8.9082
10.018
8.5139
10.567
11.058
9.7519
10.035
8.1899
12.101
11.319
8.5822
9.7015
8.2468
9.2208
8.4558
8.3883
11.029
8.4457
8.6967
8.2646
9.1946
9.8773
8.7930
10.440
10.082
9.7761
9.3661
9.5422
9.8733
8.7490
10.685
11.012
8.7950
8.8138
8.9362
9.3435
9.7288
8.3340
8.7458
11.072
8.5394
9.1153
8.8971
8.5433
10.003
9.0437
8.7501
8.1891
8.2438
9.3427
10.776
11.616
9.8530
10.471
9.8483
9.3814
9.9835
9.3101
12.295
10.586
10.328
10.190
8.4727
10.340
9.7361
9.0116
8.2623
8.6441
8.9738
8.5168
9.5685
9.3741
8.3148
9.9127
9.7093
8.483
9.1799
8.8723
10.616
9.0824
10.954
8.9194
11.315
10.158
10.993
12.169
11.764
8.4041
8.7015
11.553
8.6869
10.007
12.214
9.8418
10.492
8.8529
8.7033
9.1813
9.1394
9.1752
11.920
10.048
8.5355
9.2283
8.9056
8.8837
8.9907
8.4206
10.590
8.4505
10.730
10.398
11.054
9.1225
11.852
8.3479
8.9862
11.375
11.810
8.9984
9.1707
11.416
9.2094
8.7618
9.3261
8.9683
10.624
10.941
8.3458
9.1662
8.7693
9.3935
12.029
9.0128
8.6651
10.206
9.0782
9.6411
11.815
12.349
11.352
9.3747
11.923
8.9158
8.4983
8.8291
10.408
8.2649
9.0712
11.232
10.803
8.7287
10.075
8.9101
9.8192
9.4855
9.8805
11.214
12.066
10.240
10.344
12.217
8.6685
9.3412
9.9700
8.2582
10.365
10.534
12.291
9.8849
10.315
8.3774
11.609
11.572
9.5196
9.1600
8.6484
8.6277
8.3466
8.2289
10.689
11.001
8.8535
10.227
9.0057
10.227
11.329
8.9428
10.319
10.970
8.4806
8.6603
10.787
8.9623
8.8524
11.917
8.7892
9.9347
8.7429
10.225
11.056
8.6027
8.311
9.1282
9.0535
8.4553
8.5189
8.9233
9.5551
10.199
11.812
8.2598
8.8947
8.4755
8.2871
10.705
10.443
8.4305
8.5928
9.6239
8.9280
9.061
8.5667
9.5751
9.2256
8.2592
11.833
8.8315
9.3063
8.2999
11.025
9.0557
8.9511
8.2047
12.290
9.0340
10.424
8.4815
10.537
12.040
11.196
8.9812
8.7714
8.5822
8.7217
9.1333
11.887
10.328
9.3742
10.558
10.432
9.6291
10.419
10.135
9.5381
9.7683
12.041
9.6034
8.6742
10.573
10.317
11.520
8.3808
10.009
8.2716
9.7193
10.456
8.5660
8.9860
11.586
8.4961
8.4819
9.4872
10.066
8.5582
8.6531
8.6247
8.3699
11.364
10.153
12.392
9.7472
12.318
8.8231
12.103
11.602
12.268
10.604
8.1832
8.2229
10.135
10.280
10.845
10.972
8.4855
9.2535
8.9573
10.135
10.211
9.5175
9.5066
10.191
11.604
8.2263
8.4587
8.6825
9.4347
9.5247
11.938
10.658
9.1676
12.391
8.5776
10.435
8.2605
8.3954
9.9367
9.2966
10.950
8.4978
8.9360
9.5039
10.712
9.8359
8.3844
8.7436
8.4477
11.701
8.7274
8.5497
9.6793
9.5627
9.8602
8.7857
8.4647
11.508
10.144
9.0939
10.232
9.0020
9.8303
8.7798
8.5283
8.4149
12.240
8.3533
8.8561
8.3978
9.1952
9.5507
8.9741
11.948
11.106
10.650
10.929
9.0002
8.2444
10.395
11.882
11.203
8.6564
11.071
8.6225
8.8218
10.761
8.2767
9.6379
8.8201
12.467
10.700
9.1057
9.0491
9.4157
10.360
9.5840
10.222
10.589
8.4403
12.166
9.9546
8.9905
9.7002
10.617
11.236
10.904
8.9454
10.936
10.059
9.4769
8.9461
10.325
9.7023
8.8013
8.5154
11.683
9.4802
11.866
10.443
11.471
10.951
10.384
9.6994
8.3833
8.9136
12.460
9.2188
11.460
9.0325
11.006
11.321
11.230
9.1386
8.9396
8.6375
8.3178
9.6888
12.344
8.2737
12.216
8.2889
12.055
12.202
12.403
9.3330
10.244
9.4011
8.4027
8.4199
10.658
8.3917
11.982
10.249
9.3942
11.255
12.077
8.7085
11.045
10.256
9.1019
9.4802
9.8851
9.5876
10.774
9.3764
8.9528
8.3251
9.1797
11.798
9.7336
11.537
11.561
10.516
11.602
9.5206
8.8151
8.5717
8.6004
9.5008
12.467
9.0831
8.5347
9.4159
12.321
11.283
12.494
10.507
9.4423
11.159
9.9147
8.3309
9.9456
8.2423
12.033
10.092
8.9489
8.9725
10.160
9.1569
10.488
8.7148
9.3179
8.5672
11.693
11.544
8.8597
8.4720
10.632
11.357
9.8987
9.9891
12.441
10.568
11.057
12.074
8.3395
9.2167
9.6099
10.017
9.5901
9.5985
12.308
10.629
9.8969
10.641
8.3392
10.530
11.878
11.141
10.817
12.402
8.4549
8.6445
9.3337
10.219
9.6088
9.319
11.654
9.5851
10.422
9.8713
11.647
9.0453
9.4157
8.2692
8.6986
10.014
10.239
8.5755
10.509
10.015
8.5415
8.6793
8.4532
12.140
9.5143
9.8961
10.547
9.8807
11.649
12.162
9.7318
8.2896
10.492
9.6310
8.8704
11.849
8.2058
8.4829
8.9714
10.244
11.594
8.3088
8.5226
8.2691
8.9806
9.4372
8.8409
8.9248
8.2360
8.9048
12.169
8.2461
10.002
10.331
11.321
11.899
11.288
9.2067
8.5272
11.802
10.215
12.494
8.1789
9.6733
11.657
9.6688
8.5734
10.936
11.243
8.4128
9.1310
8.775
11.460
9.6217
11.105
9.5874
11.187
12.204
8.9533
10.362
9.0463
9.0501
8.8140
9.1483
11.123
9.1941
8.2417
11.241
10.809
9.4927
8.9818
9.7649
11.250
8.3137
10.074
8.5847
8.2954
12.304
10.573
8.7795
10.553
8.6506
9.5116
10.952
10.529
11.925
10.623
12.136
10.054
9.7544
8.7413
10.471
8.1920
10.479
8.6144
10.924
9.6115
9.1055
8.5347
9.7253
9.7590
8.6881
9.0395
9.6285
8.2644
10.372
10.083
9.3020
9.7164
8.3966
9.1755
9.5329
12.409
9.5592
8.9062
8.6178
9.2510
8.8852
9.1899
8.4738
10.694
11.763
8.7212
11.857
8.8101
8.3566
9.4023
10.35
8.2779
10.683
8.3271
8.8398
8.3749
9.8789
11.132
9.1098
10.317
10.681
8.3679
9.9785
9.9897
9.1704
9.6605
10.857
8.5607
8.2651
11.102
8.6528
11.502
12.153
10.320
8.7629
8.9204
8.7682
11.194
11.514
11.591
11.582
11.203
9.2661
8.8126
11.039
10.751
9.9616
9.6949
11.078
8.8676
8.3314
9.4677
9.6773
8.4141
8.7537
10.173
8.2895
8.2662
8.5762
12.414
11.971
12.485
10.530
10.983
12.364
12.067
8.4401
8.6893
8.4546
8.6609
9.1545
8.3524
10.130
10.352
9.3511
8.4497
8.4502
10.323
9.6888
8.3489
8.9809
8.2629
11.889
9.1997
10.090
11.159
9.7273
8.2414
9.0888
9.1733
9.0101
8.6633
10.263
8.5131
12.353
10.370
9.7080
11.463
10.197
9.5671
8.7487
12.195
9.4462
12.219
8.2537
11.854
9.3634
10.104
8.6413
11.487
11.454
8.4563
9.4397
8.6585
11.548
9.0489
10.380
9.3653
11.510
9.0223
8.8274
9.4213
9.1058
8.4045
8.2966
10.216
10.031
9.6845
8.9255
12.547
9.0760
8.5307
10.346
8.1962
12.099
8.4024
11.098
9.8124
10.231
10.138
8.8371
8.3838
8.5871
12.495
9.3998
8.3727
8.6018
8.2727
9.8331
8.6667
11.408
10.824
9.0489
8.5887
10.091
8.3980
9.5159
8.9896
12.007
11.554
10.625
8.1832
10.917
10.374
8.4318
10.280
8.6731
10.566
8.7337
8.8896
9.5127
9.0644
11.033
8.9590
12.038
8.7306
9.8389
11.556
12.406
10.957
9.2675
8.2204
11.759
9.1037
11.546
8.1972
8.3804
11.541
10.108
9.4592
8.2203
8.8869
9.2639
9.3175
8.7994
8.2152
9.9415
11.854
8.8417
8.2893
8.4566
8.5051
9.3983
10.612
9.3630
8.4944
12.11
8.2899
8.3762
8.6687
11.804
9.5493
9.1464
8.8363
9.2698
12.074
11.060
9.9711
11.333
10.658
10.849
8.8097
10.861
10.468
8.2345
10.948
11.341
8.2569
8.3038
8.3059
9.5372
11.942
11.149
9.8552
8.5666
9.4014
10.698
9.5843
10.312
9.3705
8.5294
9.8582
8.6321
10.684
10.087
9.4143
9.8602
9.4761
9.7161
9.7740
11.427
9.0213
9.2862
9.3930
8.2445
9.8238
11.252
9.8428
10.428
10.304
12.185
10.574
10.889
10.401
11.865
8.3227
9.2376
8.2841
8.7322
9.1703
11.963
11.299
8.3105
9.4432
10.615
9.0824
8.8656
9.6368
8.7126
9.4998
11.241
11.005
10.420
9.3067
11.732
8.9373
10.080
8.6680
9.4323
8.9932
10.276
8.8471
8.7221
10.458
8.1790
9.9683
8.1944
10.798
8.9579
11.272
8.9127
12.232
11.765
8.8592
10.658
8.2388
9.3375
8.4828
8.5043
10.417
8.7488
11.237
9.6906
9.3723
8.8058
10.593
11.464
9.7757
9.0786
11.068
9.1421
8.5840
10.100
9.3426
9.5574
11.263
8.8682
9.1050
9.6688
12.377
12.235
9.5610
10.491
10.632
10.712
9.2244
10.978
11.813
8.3191
10.408
11.427
8.5152
10.277
12.227
9.2830
8.6294
8.4415
9.4290
11.971
11.461
9.7730
8.2092
9.2758
12.137
10.872
9.9781
8.9643
10.385
8.3453
8.7043
8.3365
11.526
11.669
11.515
9.9206
9.1244
11.374
9.8362
8.8954
9.6591
8.8304
9.8847
10.163
8.2342
11.208
10.269
8.9839
9.6397
10.043
9.3180
8.8716
9.0917
11.530
9.8864
9.0932
9.0720
8.6436
11.992
10.175
11.656
9.9389
10.058
10.365
8.3931
10.596
9.2012
8.3262
8.8299
10.760
11.028
8.3449
10.866
11.293
9.9919
9.6569
9.6872
12.292
8.3901
11.015
8.4872
8.7215
8.1908
8.4301
8.8909
8.4774
9.3174
8.3098
8.3818
8.3572
8.4000
10.027
11.147
9.7240
10.354
9.4518
9.1786
10.217
10.404
8.6043
9.4916
12.480
9.3881
10.031
12.214
8.6766
8.7055
8.6822
9.3788
8.6554
11.481
9.7138
12.508
10.915
8.7424
10.184
8.2946
11.948
8.9436
8.5771
9.2646
8.7610
10.640
11.168
10.080
8.6036
9.2445
8.8275
9.7872
8.6454
8.6286
8.9093
11.287
11.296
9.1902
8.7028
8.1916
9.3687
11.273
10.502
8.5745
8.4104
8.8228
10.037
10.596
12.423
8.2120
8.4298
8.3421
10.252
10.168
9.8890
11.453
8.5853
10.116
8.5240
10.224
11.521
8.2260
8.4875
9.7533
8.8124
10.702
8.7639
10.229
8.8732
9.2805
8.8862
8.3352
8.4235
8.6547
9.9511
8.3849
8.5351
9.2975
8.2446
8.8339
8.8408
9.2879
9.0206
9.8492
8.4952
9.3341
8.2660
8.4462
9.8450
11.117
9.9177
8.8036
8.3787
8.2261
8.4419
11.560
10.767
11.349
9.3249
9.7053
9.2858
11.930
8.3469
9.9836
8.5914
9.4820
9.4448
10.767
11.041
10.987
12.369
8.9878
9.4284
8.9320
8.9247
8.5540
8.5786
8.5457
9.5668
10.192
10.869
10.061
11.150
10.083
8.4469
10.078
8.9644
9.4406
11.258
11.835
9.1685
8.8701
8.2279
9.3224
11.071
8.1833
9.9010
10.469
8.8591
9.5580
9.2838
8.3865
9.3351
8.2557
9.3864
9.6244
8.8034
8.3679
9.2047
9.8078
9.9824
8.2055
10.221
8.3708
10.865
11.274
10.239
8.5510
11.018
8.3137
8.3412
10.184
8.5126
10.152
10.402
12.145
9.4772
9.7483
11.416
12.281
10.096
8.7832
9.4985
11.254
8.8727
9.8910
8.6833
9.0775
8.7842
12.376
8.6343
9.8478
8.4028
8.2207
11.808
10.420
9.3940
12.063
8.7196
9.8332
8.9886
8.3807
8.8926
9.3257
11.604
11.614
8.4514
10.376
11.803
8.7439
8.5149
8.4753
9.1723
12.397
9.3519
11.033
9.0219
9.9996
10.110
8.7220
9.0825
11.743
8.3205
9.3507
8.9158
8.3319
8.3588
9.7461
8.9721
9.0037
10.393
9.1557
9.5683
8.9182
11.783
10.011
8.2906
8.1834
10.341
12.483
8.5573
8.7451
8.3981
10.578
11.607
11.328
9.6422
12.197
9.1179
8.3100
9.0661
10.023
8.7139
10.986
11.229
10.332
9.2929
9.6129
12.494
9.9187
8.6436
9.3299
8.3636
9.2156
8.9449
9.6156
9.2909
9.8256
10.646
8.7653
11.018
10.031
8.3893
8.9886
8.5842
10.300
9.4540
11.189
8.2659
10.866
9.7999
9.0392
10.306
8.7767
9.6153
8.7157
8.9604
8.4020
8.3159
8.3196
11.389
8.9527
8.8881
11.614
9.0997
10.114
9.7229
10.747
8.4724
10.234
8.7628
9.9732
8.5599
12.556
8.4030
10.634
10.499
9.2301
11.633
9.7138
10.157
11.791
9.5355
9.6111
9.5130
8.5792
9.3572
11.531
8.2940
9.3557
8.6306
11.010
9.8566
9.9990
9.7451
8.2136
10.222
8.6163
9.6108
10.430
8.2310
10.272
9.9005
8.2885
9.4812
10.235
11.000
8.6759
8.4437
8.8890
8.7624
8.4712
8.3283
9.3377
9.5753
8.5865
8.6167
10.728
8.2053
9.0213
11.821
8.1885
9.9118
9.4481
9.2762
9.5726
8.9030
10.860
9.3798
8.7155
10.204
8.3243
9.6181
11.595
9.1412
9.9227
9.0020
9.6803
11.019
9.1317
10.468
8.8303
9.5284
9.3546
10.386
11.221
10.439
8.2720
10.245
11.169
9.3849
10.120
8.5698
11.462
10.484
8.3366
11.344
10.412
9.9222
9.9248
9.3768
8.7311
9.6898
11.410
10.544
9.0916
8.2864
10.558
8.9751
11.525
8.6576
8.4058
10.466
11.497
9.7516
10.877
8.9602
8.8206
8.5907
9.6526
9.4742
8.7887
9.2860
8.9331
9.3565
11.850
8.6418
11.799
12.023
8.2795
9.6968
10.979
8.1787
8.4627
8.3543
8.9309
8.1948
10.689
8.8746
8.6611
8.6817
10.171
8.7923
9.5546
9.8987
8.9716
9.6472
8.3322
10.208
8.3657
11.318
11.779
10.302
8.7534
12.103
10.663
11.590
9.1317
11.277
10.032
12.202
11.908
10.241
8.8814
9.0088
8.4841
11.291
8.4612
9.5124
8.2479
8.3568
11.314
8.2636
9.2594
8.4647
8.9935
9.8963
8.5476
8.6913
8.3636
8.6908
8.6503
12.009
9.6049
9.8856
10.176
10.008
12.099
9.1457
9.8369
11.358
9.2900
8.2756
11.041
9.5098
8.4561
8.2317
9.8356
9.4177
10.210
8.7897
9.4436
8.2255
11.177
9.2901
10.635
10.984
8.9920
11.572
9.4986
8.3238
9.9221
8.8351
8.4490
9.2635
12.328
9.9975
9.2285
8.9448
11.734
8.3469
8.2200
9.6014
8.6662
8.2141
11.792
9.6558
12.203
9.9284
8.2569
11.325
10.305
12.083
10.048
10.500
11.286
9.2872
8.9170
8.3052
8.9545
8.9425
9.6737
8.8178
8.5997
9.9816
9.5226
12.122
10.504
8.7435
9.5958
9.5906
10.089
8.4292
8.6091
9.1253
8.3763
10.899
8.3523
9.6610
8.5716
8.3001
8.9755
10.097
10.001
8.7038
12.575
12.358
9.0720
10.470
10.482
9.5461
9.5292
8.4096
10.638
10.461
9.8420
8.9467
8.9068
9.6516
12.328
8.8406
10.711
12.498
10.192
8.9440
9.8776
9.0208
10.209
9.8067
9.7510
10.419
11.208
8.6830
9.0637
10.313
8.3494
11.406
8.2942
9.0195
8.7968
11.702
12.017
12.111
8.2210
10.750
10.065
10.781
11.836
9.9591
10.647
11.611
8.6261
11.669
8.4127
11.918
10.812
8.2761
8.5489
10.369
10.283
10.429
9.6150
12.091
11.881
9.3980
8.9192
9.1085
8.1965
8.3083
8.5752
8.3694
8.5248
9.3599
11.579
8.2665
11.472
8.1930
12.410
9.2447
8.3707
8.2648
9.1311
10.666
9.2761
10.118
9.8074
8.2323
10.069
11.019
9.9402
10.475
9.0516
8.7274
8.5507
10.261
11.688
8.5023
10.742
8.6688
10.429
8.8602
9.1594
8.3892
8.3716
11.566
11.164
9.6579
8.3360
11.396
10.896
9.2458
12.150
10.237
9.3129
8.3570
9.9115
9.8418
8.7478
10.008
9.5105
9.3089
9.5079
10.465
8.1837
9.9607
10.699
10.829
8.1861
8.7499
9.4595
12.066
8.5915
9.2906
9.0849
8.8035
10.096
8.5865
11.584
8.4733
9.4322
8.3001
9.6897
10.105
9.4561
10.213
8.2357
9.1241
8.7066
8.8939
9.4411
10.995
11.279
9.9507
9.7950
9.3582
9.5969
9.2998
10.717
9.1298
8.5684
9.1498
11.823
11.214
8.3361
10.365
8.3653
9.7764
10.024
9.7314
9.4083
10.890
11.813
10.158
8.6901
9.8902
8.8611
12.474
8.7650
8.5417
10.372
9.7945
8.1952
8.4732
9.0620
11.326
9.1331
11.064
10.688
9.8374
8.3938
9.4585
9.5539
8.5850
11.207
10.297
8.3553
11.704
10.307
8.2984
8.4408
8.6369
9.0342
8.5121
8.5217
8.9495
11.895
8.3182
9.9082
10.396
9.7170
9.7646
8.4684
9.7872
8.2140
9.4666
10.876
10.779
10.224
8.5980
9.6647
11.233
11.792
9.3792
9.9097
12.336
9.0315
12.109
9.4454
8.8389
11.014
9.8772
9.7073
10.344
8.6184
9.8305
10.810
11.767
12.248
11.114
9.1221
9.5327
8.9271
8.4039
8.2930
8.1985
8.5007
8.9163
10.290
9.7705
8.4527
9.4896
9.0832
9.3962
10.902
10.553
10.754
8.7520
8.3056
9.9087
8.3977
10.436
11.109
8.3634
8.7845
11.256
8.6725
8.2748
11.312
8.9445
8.3403
8.7830
8.8927
8.9371
11.109
11.954
8.3589
10.472
10.898
10.151
12.006
8.2458
9.4821
9.5553
8.1852
8.2577
9.8259
10.774
10.647
11.614
9.1574
11.488
12.456
9.9126
10.703
8.8785
9.9420
10.608
9.0332
8.6229
11.085
11.770
8.4843
8.5038
10.674
8.3377
9.4539
12.083
9.6257
8.2079
8.9047
9.1611
9.8634
9.1540
9.4523
12.165
9.4580
9.4468
8.7299
9.2792
10.053
10.275
8.2999
9.4915
10.543
12.205
9.5976
10.254
9.0065
10.983
8.5623
9.5580
8.8362
10.297
11.723
8.9652
11.630
11.763
9.0875
8.3655
9.2454
9.9923
8.9164
12.069
8.4869
9.5948
9.7709
9.5828
10.579
9.2878
8.8097
12.014
11.758
8.7104
11.161
8.2557
8.3165
8.2462
12.227
8.9394
8.9944
8.1949
8.4008
8.2192
9.1628
10.279
9.9041
8.8321
8.2702
12.194
11.436
8.7140
10.823
12.206
8.4384
12.195
8.4791
9.3694
9.3124
12.448
9.3880
8.8900
10.631
10.733
8.5576
8.4005
8.2334
8.7844
9.8319
11.415
9.4266
8.9302
8.8864
9.9177
10.116
11.376
8.9639
9.4709
10.628
9.2794
9.4697
11.685
9.5109
9.5028
8.7878
9.1134
8.5371
9.7328
9.3528
9.8467
10.623
9.3932
9.6203
9.4620
10.870
8.8784
9.8952
10.050
10.600
8.9901
9.7587
9.2376
8.8129
8.9374
8.9769
8.8596
8.9117
8.6749
8.7345
10.198
8.2022
10.702
9.6250
8.9588
11.632
11.842
9.1742
8.8176
8.4124
9.2518
8.7471
9.9330
8.8119
11.951
10.713
9.2119
10.158
8.2978
10.643
11.136
9.6209
11.393
8.3175
11.898
11.553
11.448
10.792
11.790
8.4535
8.9537
11.722
9.3758
8.2990
9.4833
8.2429
11.284
8.4770
10.610
8.9436
8.8006
8.6291
8.4970
8.8875
9.5056
10.856
8.7086
8.9771
11.454
10.667
9.0028
9.9453
8.2804
9.0366
12.285
11.283
8.8736
10.773
11.245
9.2925
9.4859
8.5213
9.6352
8.4660
10.195
8.5532
11.852
8.7899
8.5451
9.4048
8.6707
10.678
8.7712
10.085
10.433
8.7227
8.1753
11.465
11.347
10.658
8.4389
8.6617
8.4382
9.2968
9.1984
9.8210
11.545
9.9569
9.9698
10.052
9.4690
9.2742
8.6456
9.3785
9.2176
12.631
8.252
8.3077
8.2453
8.6631
8.4165
10.594
10.564
10.821
12.120
8.4687
12.068
12.009
10.041
10.246
9.4807
10.519
9.7651
10.312
9.5300
9.3596
12.238
11.097
9.0295
8.4369
9.9134
9.7977
9.0047
9.0515
12.243
10.055
8.7399
8.3886
9.7771
9.7444
8.6874
8.4216
8.4811
8.7154
9.7363
9.4565
9.3121
8.9330
9.1472
8.8813
8.3241
11.344
9.8391
10.116
9.5814
9.0382
12.070
12.101
10.041
11.202
10.168
9.8911
9.5674
10.249
11.703
12.328
8.4114
8.9868
8.4200
11.594
10.695
9.9484
9.0499
9.9048
8.2655
12.259
12.371
10.178
8.4002
9.2564
9.4824
10.784
11.171
9.5026
8.5826
8.6102
9.2394
8.2457
8.6152
9.8537
8.2314
8.9098
11.040
9.8638
8.7795
8.4042
8.3776
9.0407
8.9845
8.6207
10.191
11.856
8.3765
10.100
9.1598
8.7722
9.7806
8.2329
10.798
9.1266
11.674
10.392
8.7857
10.462
8.3868
9.2963
9.7348
9.0833
11.520
8.2833
9.8099
10.563
8.8917
9.4245
12.138
8.5588
8.4939
9.7468
8.2351
9.0724
10.565
9.4491
8.5441
9.0607
8.7474
11.059
8.9189
9.3616
9.7218
10.174
8.2227
10.280
11.103
12.316
8.3760
8.9502
8.1957
8.4020
8.4918
9.5112
10.409
10.531
8.7205
8.4572
9.0364
8.4523
8.4116
11.228
8.7628
11.483
11.402
8.8531
11.311
8.9919
8.8672
9.0626
8.5181
8.3585
10.552
8.2934
10.270
8.3885
11.779
8.4077
9.2730
12.317
8.1921
8.2592
8.9873
10.409
8.8395
9.2429
9.5774
9.5236
12.284
8.8229
12.019
8.7797
12.473
8.3344
11.966
8.4842
9.2885
8.2919
8.6187
11.170
9.1426
8.6808
9.9605
11.946
8.9211
8.2752
9.4536
9.6065
8.9668
9.0553
10.375
10.919
11.063
10.032
9.3649
12.277
9.7605
10.808
8.4319
9.7055
8.6057
10.661
10.040
8.5628
9.1862
8.8346
10.136
8.5933
8.6770
10.790
8.3538
12.008
11.935
8.7186
8.8912
9.3221
8.5505
9.3676
9.7588
8.7292
8.9005
8.2766
8.4478
10.099
8.4691
9.2440
9.2375
10.906
8.6055
8.6116
11.869
9.2252
11.698
8.2134
8.3617
10.367
8.4415
8.6496
9.2489
9.9131
9.2498
9.4009
10.405
8.3104
8.6947
10.700
10.779
8.8637
11.408
9.4155
8.8124
8.7291
8.5805
10.969
8.2641
10.276
10.264
9.4067
10.227
11.144
8.8259
9.4227
11.769
8.7511
9.2676
8.5733
9.0336
12.338
9.2635
12.410
8.8759
10.311
8.5370
8.9119
10.476
11.644
10.922
8.6747
11.055
11.018
8.3443
9.1603
8.3547
8.8656
10.280
8.647
8.7081
10.150
10.837
9.9777
9.3422
12.466
12.107
11.958
8.7569
12.116
10.630
9.0231
8.3700
10.663
8.6794
11.753
12.149
11.503
9.1174
11.793
8.4601
11.160
9.7036
9.8831
8.6395
9.8390
11.978
8.2688
10.056
11.898
11.206
11.390
8.9514
9.5095
11.056
8.7759
11.387
8.4730
11.425
8.1774
9.9764
10.230
8.8603
10.091
9.3630
10.928
9.8261
10.417
9.6532
10.399
10.971
10.277
8.6269
9.6199
8.9666
10.150
9.0826
9.4098
8.2452
8.6324
11.592
11.394
12.313
10.761
9.2552
9.8271
9.9249
10.608
11.434
10.169
10.011
8.6416
10.360
11.868
12.370
10.059
11.667
8.7593
9.1530
12.022
9.7244
8.9257
10.167
8.4583
11.125
9.6139
11.145
10.704
8.4517
9.1541
10.778
8.8593
9.2470
11.813
8.3328
9.3528
10.802
9.3924
12.176
8.5705
11.101
8.9320
8.3283
11.623
8.3896
12.094
11.586
9.9615
9.0503
10.536
8.4972
8.2871
8.9220
10.111
9.8544
8.4645
9.1561
8.1896
11.045
8.8033
8.7960
9.9370
10.688
10.686
9.0155
9.9093
12.054
8.6141
8.5365
9.5066
10.394
8.3106
10.884
9.9373
8.5997
9.4311
11.978
11.283
9.1483
9.8115
9.9015
9.3248
9.7395
8.8041
9.9691
10.241
8.4277
10.198
9.0132
8.6047
8.9228
10.986
9.5634
12.438
8.7702
11.589
10.474
8.4614
10.016
10.027
12.511
9.8470
9.6218
11.511
9.2309
10.579
8.4937
8.3312
8.6034
9.8871
8.2626
9.3750
8.6579
12.062
10.108
12.138
8.2038
8.6879
8.4606
9.0431
8.4045
10.135
10.308
9.2622
8.7879
8.9979
11.944
9.4788
8.8115
9.6280
10.363
10.480
10.678
8.3043
10.373
8.9102
10.149
9.9689
8.5609
9.5219
9.7217
9.2571
8.8764
12.322
8.2743
11.898
9.7763
12.521
9.1160
12.346
12.010
8.3014
8.4787
9.3494
11.367
9.3321
8.9787
11.214
12.450
9.1656
8.9737
11.082
10.728
10.908
9.8638
8.4173
8.9416
9.6415
8.3895
9.9525
10.124
8.8650
9.5361
12.260
8.5773
10.368
9.5984
9.9729
11.121
8.9905
11.117
8.4267
8.9828
10.471
9.0268
9.1609
11.739
8.3584
11.553
9.6273
9.1138
9.1931
8.2964
8.9447
8.2171
10.084
12.201
9.0215
9.6151
10.810
8.5548
9.0987
9.9751
8.9371
9.1236
8.3291
9.7405
8.2176
8.6466
9.6579
8.2456
9.5576
10.232
12.190
9.4663
11.629
8.9516
9.6192
11.229
10.144
8.1804
8.8713
9.4639
8.6390
10.399
8.9781
9.6831
8.7429
10.806
8.9907
10.089
8.2854
12.142
9.1870
9.4978
8.4624
8.5934
11.241
11.531
9.6399
9.208
9.0748
10.552
8.7656
8.7428
8.6034
12.237
12.483
10.022
9.6296
9.9796
9.1659
9.9630
9.2095
12.157
10.938
10.035
10.821
8.4287
8.5782
8.7907
8.4971
9.4050
8.5852
9.2669
11.065
10.357
9.0497
8.7446
11.789
9.7625
8.4343
10.253
9.7057
8.1949
9.1118
9.6813
8.4713
8.3673
9.4935
9.7834
8.7518
8.9247
10.336
11.841
10.504
10.219
11.015
10.043
10.895
10.265
8.5343
12.519
11.177
11.929
11.428
10.348
9.2733
8.4343
8.6129
8.9528
8.3043
8.3418
9.4375
10.893
9.1790
8.1858
10.951
10.078
9.1930
9.3928
9.8267
10.516
10.885
8.3758
10.083
9.8106
8.8446
8.4049
11.117
8.8490
9.5547
8.3614
8.3627
8.6952
10.202
8.6560
10.413
8.5951
11.203
10.357
8.7530
8.2792
12.434
9.0017
9.1747
9.3789
10.737
9.9180
9.2752
10.317
9.9796
9.6821
8.2010
8.8581
9.4755
8.9048
8.7100
8.7322
10.168
8.3929
11.826
11.193
11.678
11.950
9.0931
9.6380
9.0055
12.503
8.3285
10.185
12.257
11.122
9.2028
8.9788
8.2597
8.3166
8.3673
8.2797
9.4005
8.5982
9.0841
9.1613
8.8107
10.618
11.895
8.4462
8.6643
12.111
10.070
9.2701
8.7141
12.074
8.2411
9.0157
9.2307
9.3810
11.129
10.851
8.7996
8.3358
11.470
11.030
9.2506
10.859
9.4988
8.6301
10.865
9.4029
10.698
9.9264
8.9410
9.3040
9.1486
11.773
10.641
12.303
10.423
10.246
8.6267
8.5482
10.283
9.5290
9.5910
10.876
11.301
9.0591
10.368
12.076
9.8287
8.6157
10.110
9.2988
10.249
9.3231
11.529
11.022
10.784
9.7930
8.3824
12.026
9.3096
12.013
11.605
8.5540
10.112
9.6205
11.658
9.9593
8.9408
9.9702
9.9738
12.163
